# k [h/Mpc]    P(k) [(Mpc/h)^3]
1.000000000000000021e-03 1.687524782706604674e+04
1.027459485446180097e-03 1.728547230979320011e+04
1.055672994233329033e-03 1.770473957670107120e+04
1.084661231454404472e-03 1.813319334220762903e+04
1.114445470753562583e-03 1.857097708555480131e+04
1.145047569938281197e-03 1.901823374582174802e+04
1.176489987020186466e-03 1.947509707336606880e+04
1.208795796696343801e-03 1.994168655408074119e+04
1.241988707283130794e-03 2.041811774279080419e+04
1.276093078115091931e-03 2.090450291353742432e+04
1.311133937421564335e-03 2.140095077914560170e+04
1.347137000694184497e-03 2.190756620214116992e+04
1.384128689558757194e-03 2.242444989709350193e+04
1.422136151165336168e-03 2.295169812448590892e+04
1.461187278110747181e-03 2.348940086055238135e+04
1.501310728908172810e-03 2.403763340044332290e+04
1.542535949018822338e-03 2.459646095012614387e+04
1.584893192461114082e-03 2.516594153533153440e+04
1.628413544013250025e-03 2.574612559632480043e+04
1.673128942025444267e-03 2.633705556862255253e+04
1.719072201858574652e-03 2.693876545630023975e+04
1.766277039966442823e-03 2.755128039840717975e+04
1.814778098639323453e-03 2.817461611609181637e+04
1.864610971426956289e-03 2.880877285508505884e+04
1.915812229259642330e-03 2.945373173175258853e+04
1.968419447286611293e-03 3.010946124680767025e+04
2.022471232451355985e-03 3.077591738190132673e+04
2.078007251824171529e-03 3.145304308403101822e+04
2.135068261712696168e-03 3.214076774882654718e+04
2.193696137571797024e-03 3.283900670388925937e+04
2.253933904734791056e-03 3.354766069343095296e+04
2.315825769988507938e-03 3.426661327140958747e+04
2.379417154015395913e-03 3.499571918086084042e+04
2.444754724726473216e-03 3.573481076277524699e+04
2.511886431509579437e-03 3.648370199697594944e+04
2.580861540418074272e-03 3.724218796856966947e+04
2.651730670325789813e-03 3.801004433861931466e+04
2.724545830074793281e-03 3.878702682970010210e+04
2.799360456643182338e-03 3.957287072851979610e+04
2.876229454360987748e-03 4.036729015798254841e+04
2.955209235202887856e-03 4.116996524183019937e+04
3.036357760187358319e-03 4.198053479008768045e+04
3.119734581912619095e-03 4.279861146234282205e+04
3.205400888260593294e-03 4.362378268829491572e+04
3.293419547300957713e-03 4.445561027388532966e+04
3.383855153428233075e-03 4.529363004892652680e+04
3.476774074765777087e-03 4.613735155955087248e+04
3.572244501871464119e-03 4.698625780883593688e+04
3.670336497780800258e-03 4.783979796056323539e+04
3.771122049424195655e-03 4.869734981311783486e+04
3.874675120456132216e-03 4.955824370258971612e+04
3.981071705534973415e-03 5.042177807896033482e+04
4.090389886093310536e-03 5.128721954710227874e+04
4.202709887639691569e-03 5.215380296765233652e+04
4.318114138633850560e-03 5.302073165143123333e+04
4.436687330978611628e-03 5.388717765192707157e+04
4.558516482172869644e-03 5.475228138794311963e+04
4.683690999171267327e-03 5.561511405697913870e+04
4.812302743997420168e-03 5.647465795864385291e+04
4.944446101158830355e-03 5.732985605232791568e+04
5.080218046913023006e-03 5.817961709979123407e+04
5.219718220435652298e-03 5.902281677028119157e+04
5.363048996942865534e-03 5.985829890988420811e+04
5.510315562821568869e-03 6.068487697925846442e+04
5.661625992822727667e-03 6.150133566332978808e+04
5.817091329374357578e-03 6.230641205561813695e+04
5.976825664072413224e-03 6.309869008926759852e+04
6.140946221409365226e-03 6.387667509715042252e+04
6.309573444801930275e-03 6.463884253799560975e+04
6.482831084981073057e-03 6.538364114564943884e+04
6.660846290809154316e-03 6.610949626314968918e+04
6.843749702590877504e-03 6.681481344602853642e+04
7.031675547946470567e-03 6.749798233280015120e+04
7.224761740317567349e-03 6.815737877740593103e+04
7.423149980177935758e-03 6.879127122161058651e+04
7.626985859023443712e-03 6.939777670475437480e+04
7.836418966217518697e-03 6.997499505990918260e+04
8.051602998770538214e-03 7.052102614278231340e+04
8.272695874133697766e-03 7.103397646218602313e+04
8.499859846090154769e-03 7.151196613898820942e+04
8.733261623828437667e-03 7.195313617204505135e+04
8.973072494285637066e-03 7.235565598603613034e+04
9.219468447849992962e-03 7.271768613317058771e+04
9.472630307515245152e-03 7.303715468976176635e+04
9.732743861581504355e-03 7.331193322023218207e+04
1.000000000000000021e-02 7.353994996254905709e+04
1.027459485446180140e-02 7.371920134991579107e+04
1.055672994233329033e-02 7.384776359384351235e+04
1.084661231454404559e-02 7.392380444713719771e+04
1.114445470753563060e-02 7.394559507187418058e+04
1.145047569938281717e-02 7.391152056385725155e+04
1.176489987020185903e-02 7.382002557236398570e+04
1.208795796696343280e-02 7.366959708664249047e+04
1.241988707283130100e-02 7.345886706283362582e+04
1.276093078115091844e-02 7.318663250822419650e+04
1.311133937421564422e-02 7.285186760107568989e+04
1.347137000694184628e-02 7.245373528195873951e+04
1.384128689558757237e-02 7.199159819454484386e+04
1.422136151165336211e-02 7.146502885272998537e+04
1.461187278110747875e-02 7.087389443916908931e+04
1.501310728908173547e-02 7.021874256104581582e+04
1.542535949018821427e-02 6.950050305996443785e+04
1.584893192461113431e-02 6.872031192139428458e+04
1.628413544013249115e-02 6.787950936974318756e+04
1.673128942025444224e-02 6.697963710900679871e+04
1.719072201858574608e-02 6.602243438024804345e+04
1.766277039966442780e-02 6.500983283438932995e+04
1.814778098639323323e-02 6.394397594021174154e+04
1.864610971426956115e-02 6.282843199456689763e+04
1.915812229259642244e-02 6.166860612918140396e+04
1.968419447286612334e-02 6.046995710181966570e+04
2.022471232451356765e-02 5.923782387147886766e+04
2.078007251824172744e-02 5.797739922590893548e+04
2.135068261712695301e-02 5.669370657783046772e+04
2.193696137571795809e-02 5.539157990725540731e+04
2.253933904734791230e-02 5.407564679090729624e+04
2.315825769988507851e-02 5.275087677112613892e+04
2.379417154015396260e-02 5.142505293827319110e+04
2.444754724726472955e-02 5.010640407922674785e+04
2.511886431509579437e-02 4.880243347709297814e+04
2.580861540418074099e-02 4.751993100135299755e+04
2.651730670325791461e-02 4.626499663652500749e+04
2.724545830074791633e-02 4.504307254201408796e+04
2.799360456643180950e-02 4.385898209198340919e+04
2.876229454360986273e-02 4.271695803188726859e+04
2.955209235202886295e-02 4.162063618855587265e+04
3.036357760187358493e-02 4.057316759194395854e+04
3.119734581912619181e-02 3.957729407465150143e+04
3.205400888260593467e-02 3.863540253327840037e+04
3.293419547300957539e-02 3.774947260279160400e+04
3.383855153428233509e-02 3.691861785831396992e+04
3.476774074765778821e-02 3.613929213594416069e+04
3.572244501871466027e-02 3.540809366150076676e+04
3.670336497780802426e-02 3.472112171709543327e+04
3.771122049424197736e-02 3.407130719398022484e+04
3.874675120456130134e-02 3.345108641300502495e+04
3.981071705534973415e-02 3.285202754129622190e+04
4.090389886093310362e-02 3.226365667837085857e+04
4.202709887639691222e-02 3.167548800441058847e+04
4.318114138633850907e-02 3.107605063501751283e+04
4.436687330978611454e-02 3.045417535401686473e+04
4.558516482172869644e-02 2.979901915220051160e+04
4.683690999171270103e-02 2.910096661997146657e+04
4.812302743997418086e-02 2.835222010405382753e+04
4.944446101158827406e-02 2.754752057775366848e+04
5.080218046913020230e-02 2.668451672776286796e+04
5.219718220435649175e-02 2.576466432947095018e+04
5.363048996942865881e-02 2.479316212814939354e+04
5.510315562821568869e-02 2.377905095466013881e+04
5.661625992822727493e-02 2.273529237086034846e+04
5.817091329374357578e-02 2.167783741613547681e+04
5.976825664072413224e-02 2.062480262770090849e+04
6.140946221409365052e-02 1.959562215398147237e+04
6.309573444801933051e-02 1.860953025792042536e+04
6.482831084981076353e-02 1.768418223065052371e+04
6.660846290809158132e-02 1.683440884556597302e+04
6.843749702590873341e-02 1.607099264110909462e+04
7.031675547946467097e-02 1.539983933308570158e+04
7.224761740317567349e-02 1.482112220024000453e+04
7.423149980177935758e-02 1.432911343494097673e+04
7.626985859023444059e-02 1.391230625224741561e+04
7.836418966217519044e-02 1.355355371392667439e+04
8.051602998770537867e-02 1.323123011068173219e+04
8.272695874133702276e-02 1.292092685472580706e+04
8.499859846090150606e-02 1.259777684661951571e+04
8.733261623828432463e-02 1.223945217073446474e+04
8.973072494285633249e-02 1.182950451753329253e+04
9.219468447849987758e-02 1.136030442687908726e+04
9.472630307515245152e-02 1.083482025488194813e+04
9.732743861581504008e-02 1.026654227710367559e+04
1.000000000000000056e-01 9.677530025214118723e+03
1.027459485446180071e-01 9.094889440996190388e+03
1.055672994233329137e-01 8.546194414096509718e+03
1.084661231454404490e-01 8.054666000934902513e+03
1.114445470753562539e-01 7.635102955128015310e+03
1.145047569938281162e-01 7.291559136852740266e+03
1.176489987020185313e-01 7.016495983082118073e+03
1.208795796696343905e-01 6.791909607961001711e+03
1.241988707283130794e-01 6.593979172247351926e+03
1.276093078115091983e-01 6.395209673303404088e+03
1.311133937421564422e-01 6.170544212357731340e+03
1.347137000694184628e-01 5.905543733844116105e+03
1.384128689558757064e-01 5.601563378281085534e+03
1.422136151165336038e-01 5.274255409836879153e+03
1.461187278110747112e-01 4.947445480183168911e+03
1.501310728908172853e-01 4.644659874372797276e+03
1.542535949018820629e-01 4.382732079902836631e+03
1.584893192461114264e-01 4.167987585303971173e+03
1.628413544013249947e-01 3.994566980894696371e+03
1.673128942025444155e-01 3.845456503523650099e+03
1.719072201858574678e-01 3.699244490198899712e+03
1.766277039966442919e-01 3.539138172941783523e+03
1.814778098639323323e-01 3.359066675371951987e+03
1.864610971426956254e-01 3.165352061687518017e+03
1.915812229259642452e-01 2.973588036410774293e+03
1.968419447286611224e-01 2.800436612782420525e+03
2.022471232451355794e-01 2.653688667845530290e+03
2.078007251824171564e-01 2.529943894103872935e+03
2.135068261712696203e-01 2.418092481455232246e+03
2.193696137571796989e-01 2.305655631048719897e+03
2.253933904734791160e-01 2.185733876802350096e+03
2.315825769988507921e-01 2.061509693608703856e+03
2.379417154015396052e-01 1.941591374541172172e+03
2.444754724726473094e-01 1.833575911027266784e+03
2.511886431509579576e-01 1.739218694140310390e+03
2.580861540418074029e-01 1.652957207846456413e+03
2.651730670325789796e-01 1.568284580233957968e+03
2.724545830074790453e-01 1.482685022184410400e+03
2.799360456643182338e-01 1.398386009068737849e+03
2.876229454360987869e-01 1.319654415882655940e+03
2.955209235202888030e-01 1.247966966890530784e+03
3.036357760187358701e-01 1.181614784655605263e+03
3.119734581912619320e-01 1.117879391723912477e+03
3.205400888260593328e-01 1.055303915111740480e+03
3.293419547300957539e-01 9.953759248449148345e+02
3.383855153428233509e-01 9.395101952640078480e+02
3.476774074765777156e-01 8.877326374014277235e+02
3.572244501871464362e-01 8.382742100902645461e+02
3.670336497780800622e-01 7.907520895773818665e+02
3.771122049424199818e-01 7.456628040083292035e+02
3.874675120456131938e-01 7.033222915284034116e+02
3.981071705534973137e-01 6.634894992543158878e+02
4.090389886093310223e-01 6.255537553671963451e+02
4.202709887639691777e-01 5.895237730522393349e+02
4.318114138633850629e-01 5.555921901340026352e+02
4.436687330978611454e-01 5.235827145467485479e+02
4.558516482172869644e-01 4.932583884070923546e+02
4.683690999171267744e-01 4.645545654079146516e+02
4.812302743997415866e-01 4.374543962694320385e+02
4.944446101158824769e-01 4.118885037120269885e+02
5.080218046913023144e-01 3.877542413334834919e+02
5.219718220435651812e-01 3.649595509365288422e+02
5.363048996942866298e-01 3.434347374227273235e+02
5.510315562821569424e-01 3.231182715366902016e+02
5.661625992822727493e-01 3.039505089297123277e+02
5.817091329374357578e-01 2.858717392873891185e+02
5.976825664072412669e-01 2.688234504471772652e+02
6.140946221409364636e-01 2.527500173645172197e+02
6.309573444801930275e-01 2.375986080099470712e+02
6.482831084981072189e-01 2.233190832649190156e+02
6.660846290809153691e-01 2.098638762611124093e+02
6.843749702590877781e-01 1.971878361284444452e+02
7.031675547946470983e-01 1.852481149703605183e+02
7.224761740317566794e-01 1.740040619793539065e+02
7.423149980177935481e-01 1.634171236601625310e+02
7.626985859023444059e-01 1.534507853932722412e+02
7.836418966217518767e-01 1.440704639697386256e+02
8.051602998770538422e-01 1.352433726039861028e+02
8.272695874133697558e-01 1.269384353567434545e+02
8.499859846090145332e-01 1.191262067342389344e+02
8.733261623828428855e-01 1.117787944405490208e+02
8.973072494285637690e-01 1.048697852036923734e+02
9.219468447849992199e-01 9.837416906962769758e+01
9.472630307515245152e-01 9.226824237281378771e+01
9.732743861581504285e-01 8.652956943502933029e+01
1.000000000000000000e+00 8.113693789541324008e+01
