# k [h/Mpc]    P(k) [(Mpc/h)^3]
1.000000000000000021e-03 1.770086737993731049e+03
1.027459485446180097e-03 1.814020382465089824e+03
1.055672994233329033e-03 1.858920767931420869e+03
1.084661231454404472e-03 1.904802061041634715e+03
1.114445470753562583e-03 1.951678305878517222e+03
1.145047569938281197e-03 1.999563395122099564e+03
1.176489987020186466e-03 2.048470544548164526e+03
1.208795796696343801e-03 2.098411978533130878e+03
1.241988707283130794e-03 2.149399531923921131e+03
1.276093078115091931e-03 2.201444676517940934e+03
1.311133937421564335e-03 2.254558491899393175e+03
1.347137000694184497e-03 2.308751635435675325e+03
1.384128689558757194e-03 2.364034311444699597e+03
1.422136151165336168e-03 2.420416239546618726e+03
1.461187278110747181e-03 2.477906486171352753e+03
1.501310728908172810e-03 2.536512706183299542e+03
1.542535949018822338e-03 2.596241549752696301e+03
1.584893192461114082e-03 2.657098918897586827e+03
1.628413544013250025e-03 2.719089926720804215e+03
1.673128942025444267e-03 2.782218855366149000e+03
1.719072201858574652e-03 2.846489113296433516e+03
1.766277039966442823e-03 2.911903191946303195e+03
1.814778098639323453e-03 2.978462610514723110e+03
1.864610971426956289e-03 3.046167310406634897e+03
1.915812229259642330e-03 3.115015289417598524e+03
1.968419447286611293e-03 3.185003252742229506e+03
2.022471232451355985e-03 3.256126622934305942e+03
2.078007251824171529e-03 3.328379488747013966e+03
2.135068261712696168e-03 3.401754553923271942e+03
2.193696137571797024e-03 3.476243086051265891e+03
2.253933904734791056e-03 3.551834865606807398e+03
2.315825769988507938e-03 3.628517863849979221e+03
2.379417154015395913e-03 3.706276751774571494e+03
2.444754724726473216e-03 3.785093745579655206e+03
2.511886431509579437e-03 3.864949145759660041e+03
2.580861540418074272e-03 3.945821283176024281e+03
2.651730670325789813e-03 4.027686465394410789e+03
2.724545830074793281e-03 4.110518924609398709e+03
2.799360456643182338e-03 4.194290767377405245e+03
2.876229454360987748e-03 4.278971896665288114e+03
2.955209235202887856e-03 4.364528493368764430e+03
3.036357760187358319e-03 4.450922153344488834e+03
3.119734581912619095e-03 4.538111697979231394e+03
3.205400888260593294e-03 4.626053290796094188e+03
3.293419547300957713e-03 4.714700397250585411e+03
3.383855153428233075e-03 4.804003748920075850e+03
3.476774074765777087e-03 4.893911312430137514e+03
3.572244501871464119e-03 4.984368263464111806e+03
3.670336497780800258e-03 5.075316215838452990e+03
3.771122049424195655e-03 5.166689249879059389e+03
3.874675120456132216e-03 5.258416442782528065e+03
3.981071705534973415e-03 5.350423518519942263e+03
4.090389886093310536e-03 5.442632853413899284e+03
4.202709887639691569e-03 5.534963487969758717e+03
4.318114138633850560e-03 5.627331148512169420e+03
4.436687330978611628e-03 5.719648279091843506e+03
4.558516482172869644e-03 5.811824005588448927e+03
4.683690999171267327e-03 5.903760316494359358e+03
4.812302743997420168e-03 5.995350063944642898e+03
4.944446101158830355e-03 6.086482005272489005e+03
5.080218046913023006e-03 6.177041329520784529e+03
5.219718220435652298e-03 6.266909773742190737e+03
5.363048996942865534e-03 6.355965756279863854e+03
5.510315562821568869e-03 6.444084527446186257e+03
5.661625992822727667e-03 6.531138337957934709e+03
5.817091329374357578e-03 6.616994240856433862e+03
5.976825664072413224e-03 6.701501847811012340e+03
6.140946221409365226e-03 6.784501931968165081e+03
6.309573444801930275e-03 6.865832040315492122e+03
6.482831084981073057e-03 6.945326828597981148e+03
6.660846290809154316e-03 7.022818415312153775e+03
6.843749702590877504e-03 7.098136764569356274e+03
7.031675547946470567e-03 7.171110097626391507e+03
7.224761740317567349e-03 7.241565129368801536e+03
7.423149980177935758e-03 7.309317577388965219e+03
7.626985859023443712e-03 7.374167712496793683e+03
7.836418966217518697e-03 7.435914014079902699e+03
8.051602998770538214e-03 7.494354945815951396e+03
8.272695874133697766e-03 7.549289656118208768e+03
8.499859846090154769e-03 7.600518713257598392e+03
8.733261623828437667e-03 7.647844872900109294e+03
8.973072494285637066e-03 7.691073875420790500e+03
9.219468447849992962e-03 7.730010431676877488e+03
9.472630307515245152e-03 7.764434218522312221e+03
9.732743861581504355e-03 7.794118736055975205e+03
1.000000000000000021e-02 7.818843434687075387e+03
1.027459485446180140e-02 7.838394936834345572e+03
1.055672994233329033e-02 7.852568265258570136e+03
1.084661231454404559e-02 7.861168090865548038e+03
1.114445470753563060e-02 7.864009992071078159e+03
1.145047569938281717e-02 7.860921547978650779e+03
1.176489987020185903e-02 7.851735402384906592e+03
1.208795796696343280e-02 7.836286926540413333e+03
1.241988707283130100e-02 7.814426715243556828e+03
1.276093078115091844e-02 7.786022879213454871e+03
1.311133937421564422e-02 7.750962360868397809e+03
1.347137000694184628e-02 7.709152195297375329e+03
1.384128689558757237e-02 7.660520703196493741e+03
1.422136151165336211e-02 7.605018602399027259e+03
1.461187278110747875e-02 7.542628468143134342e+03
1.501310728908173547e-02 7.473407849772254849e+03
1.542535949018821427e-02 7.397455939266455971e+03
1.584893192461113431e-02 7.314893884441369664e+03
1.628413544013249115e-02 7.225864578435016483e+03
1.673128942025444224e-02 7.130532360094179239e+03
1.719072201858574608e-02 7.029082588655734980e+03
1.766277039966442780e-02 6.921721092645208955e+03
1.814778098639323323e-02 6.808676214806439020e+03
1.864610971426956115e-02 6.690327175295596135e+03
1.915812229259642244e-02 6.567247710448353246e+03
1.968419447286612334e-02 6.440017382377839567e+03
2.022471232451356765e-02 6.309203210478136498e+03
2.078007251824172744e-02 6.175356862772192471e+03
2.135068261712695301e-02 6.039012182279421722e+03
2.193696137571795809e-02 5.900683046235914844e+03
2.253933904734791230e-02 5.760861552134088925e+03
2.315825769988507851e-02 5.620076547687430320e+03
2.379417154015396260e-02 5.479157483744824276e+03
2.444754724726472955e-02 5.338981718983229257e+03
2.511886431509579437e-02 5.200349486868036365e+03
2.580861540418074099e-02 5.063985155223162110e+03
2.651730670325791461e-02 4.930539707035283755e+03
2.724545830074791633e-02 4.800594132733926017e+03
2.799360456643180950e-02 4.674663568833982026e+03
2.876229454360986273e-02 4.553200138136309761e+03
2.955209235202886295e-02 4.436591788069176800e+03
3.036357760187358493e-02 4.325174740034609385e+03
3.119734581912619181e-02 4.219241717941206844e+03
3.205400888260593467e-02 4.119047709670946460e+03
3.293419547300957539e-02 4.024804394936321387e+03
3.383855153428233509e-02 3.936418634689977807e+03
3.476774074765778821e-02 3.853514342253051836e+03
3.572244501871466027e-02 3.775730678856366467e+03
3.670336497780802426e-02 3.702653155534969301e+03
3.771122049424197736e-02 3.633527985335853373e+03
3.874675120456130134e-02 3.567548173038307596e+03
3.981071705534973415e-02 3.503814679916506520e+03
4.090389886093310362e-02 3.441211714888523602e+03
4.202709887639691222e-02 3.378621709789021224e+03
4.318114138633850907e-02 3.314820314267296908e+03
4.436687330978611454e-02 3.248615532408025501e+03
4.558516482172869644e-02 3.178852529916699041e+03
4.683690999171270103e-02 3.104506564854262706e+03
4.812302743997418086e-02 3.024744081293670206e+03
4.944446101158827406e-02 2.939001685248180365e+03
5.080218046913020230e-02 2.847028047115978552e+03
5.219718220435649175e-02 2.748987316965816262e+03
5.363048996942865881e-02 2.645428179146665116e+03
5.510315562821568869e-02 2.537298139283403088e+03
5.661625992822727493e-02 2.426000497173944495e+03
5.817091329374357578e-02 2.313239256061723609e+03
5.976825664072413224e-02 2.200934060267977202e+03
6.140946221409365052e-02 2.091164863256988156e+03
6.309573444801933051e-02 1.985989433749716682e+03
6.482831084981076353e-02 1.887288749154840161e+03
6.660846290809158132e-02 1.796642388223055832e+03
6.843749702590873341e-02 1.715209669594019488e+03
7.031675547946467097e-02 1.643618463697751622e+03
7.224761740317567349e-02 1.581887525896611351e+03
7.423149980177935758e-02 1.529409454269253047e+03
7.626985859023444059e-02 1.484956567878721444e+03
7.836418966217519044e-02 1.446694654410348903e+03
8.051602998770537867e-02 1.412315926050264125e+03
8.272695874133702276e-02 1.379220972098818947e+03
8.499859846090150606e-02 1.344753836315274839e+03
8.733261623828432463e-02 1.306524726961851911e+03
8.973072494285633249e-02 1.262787027789845069e+03
9.219468447849987758e-02 1.212719032018846065e+03
9.472630307515245152e-02 1.156640790737184489e+03
9.732743861581504008e-02 1.095993571820595662e+03
1.000000000000000056e-01 1.033128368498707459e+03
1.027459485446180071e-01 9.709422609044033834e+02
1.055672994233329137e-01 9.123776738041730141e+02
1.084661231454404490e-01 8.599137315527659666e+02
1.114445470753562539e-01 8.151325395961897584e+02
1.145047569938281162e-01 7.784653506927737681e+02
1.176489987020185313e-01 7.491052807314971460e+02
1.208795796696343905e-01 7.251357752915888568e+02
1.241988707283130794e-01 7.040110775212485805e+02
1.276093078115091983e-01 6.827957554880670159e+02
1.311133937421564422e-01 6.588152385627237209e+02
1.347137000694184628e-01 6.305274856634595153e+02
1.384128689558757064e-01 5.980772145051097368e+02
1.422136151165336038e-01 5.631352713580989757e+02
1.461187278110747112e-01 5.282458287042511529e+02
1.501310728908172853e-01 4.959206522646438202e+02
1.542535949018820629e-01 4.679572627402145031e+02
1.584893192461114264e-01 4.450315680601556778e+02
1.628413544013249947e-01 4.265178095691951512e+02
1.673128942025444155e-01 4.105990659010143418e+02
1.719072201858574678e-01 3.949895140415104606e+02
1.766277039966442919e-01 3.778962368219442283e+02
1.814778098639323323e-01 3.586708104430124422e+02
1.864610971426956254e-01 3.379882785618834760e+02
1.915812229259642452e-01 3.175138688180500708e+02
1.968419447286611224e-01 2.990265100704492056e+02
2.022471232451355794e-01 2.833581848578267568e+02
2.078007251824171564e-01 2.701459596311871678e+02
2.135068261712696203e-01 2.582036023590180207e+02
2.193696137571796989e-01 2.461986393071689463e+02
2.253933904734791160e-01 2.333941602871040573e+02
2.315825769988507921e-01 2.201301537602624023e+02
2.379417154015396052e-01 2.073258584249588807e+02
2.444754724726473094e-01 1.957924371846309839e+02
2.511886431509579576e-01 1.857173749864996921e+02
2.580861540418074029e-01 1.765066993989290154e+02
2.651730670325789796e-01 1.674656195018276890e+02
2.724545830074790453e-01 1.583254913554585528e+02
2.799360456643182338e-01 1.493241602347182209e+02
2.876229454360987869e-01 1.409172735637553444e+02
2.955209235202888030e-01 1.332625372519430016e+02
3.036357760187358701e-01 1.261774757308120769e+02
3.119734581912619320e-01 1.193718014394519571e+02
3.205400888260593328e-01 1.126899493940245094e+02
3.293419547300957539e-01 1.062907721374895686e+02
3.383855153428233509e-01 1.003253496818963697e+02
3.476774074765777156e-01 9.479645351363487293e+01
3.572244501871464362e-01 8.951518054317082829e+01
3.670336497780800622e-01 8.444065324299377551e+01
3.771122049424199818e-01 7.962589570894944302e+01
3.874675120456131938e-01 7.510464877410331042e+01
3.981071705534973137e-01 7.085117385391421863e+01
4.090389886093310223e-01 6.680026130442278998e+01
4.202709887639691777e-01 6.295284335911811269e+01
4.318114138633850629e-01 5.932949297037254865e+01
4.436687330978611454e-01 5.591138615934845291e+01
4.558516482172869644e-01 5.267322038879932933e+01
4.683690999171267744e-01 4.960809342239964792e+01
4.812302743997415866e-01 4.671420698812035965e+01
4.944446101158824769e-01 4.398415347031925648e+01
5.080218046913023144e-01 4.140697247585986673e+01
5.219718220435651812e-01 3.897283419918952063e+01
5.363048996942866298e-01 3.667429685532197681e+01
5.510315562821569424e-01 3.450479059237758861e+01
5.661625992822727493e-01 3.245794676674147894e+01
5.817091329374357578e-01 3.052738959529762042e+01
5.976825664072412669e-01 2.870687116923530624e+01
6.140946221409364636e-01 2.699045184219066229e+01
6.309573444801930275e-01 2.537249018577265858e+01
6.482831084981072189e-01 2.384763230538268886e+01
6.660846290809153691e-01 2.241079895863254023e+01
6.843749702590877781e-01 2.105716886970433777e+01
7.031675547946470983e-01 1.978216666252671985e+01
7.224761740317566794e-01 1.858145155640677970e+01
7.423149980177935481e-01 1.745090671348372524e+01
7.626985859023444059e-01 1.638663299751214453e+01
7.836418966217518767e-01 1.538493750116434455e+01
8.051602998770538422e-01 1.444231913671251277e+01
8.272695874133697558e-01 1.355545949914625048e+01
8.499859846090145332e-01 1.272121428175890223e+01
8.733261623828428855e-01 1.193660502833125392e+01
8.973072494285637690e-01 1.119881121344137220e+01
9.219468447849992199e-01 1.050516215891378558e+01
9.472630307515245152e-01 9.853126672294314048e+00
9.732743861581504285e-01 9.240308958528826722e+00
1.000000000000000000e+00 8.664443851159044030e+00
