# k [h/Mpc]    P(k) [(Mpc/h)^3]
1.000000000000000021e-03 6.374038986165200185e+03
1.027459485446180097e-03 6.531503887769807989e+03
1.055672994233329033e-03 6.692429144196883499e+03
1.084661231454404472e-03 6.856866361925355704e+03
1.114445470753562583e-03 7.024866795254843964e+03
1.145047569938281197e-03 7.196481241034872255e+03
1.176489987020186466e-03 7.371757842223465559e+03
1.208795796696343801e-03 7.550740781810516637e+03
1.241988707283130794e-03 7.733472836475132681e+03
1.276093078115091931e-03 7.919995506577376545e+03
1.311133937421564335e-03 8.110348912270678738e+03
1.347137000694184497e-03 8.304571686582370603e+03
1.384128689558757194e-03 8.502700865498749408e+03
1.422136151165336168e-03 8.704771775099925435e+03
1.461187278110747181e-03 8.910817407099617412e+03
1.501310728908172810e-03 9.120865589184386408e+03
1.542535949018822338e-03 9.334940513070825546e+03
1.584893192461114082e-03 9.553063699814450956e+03
1.628413544013250025e-03 9.775253853314470689e+03
1.673128942025444267e-03 1.000152670908215805e+04
1.719072201858574652e-03 1.023189488051748958e+04
1.766277039966442823e-03 1.046636770288150728e+04
1.814778098639323453e-03 1.070495102953528112e+04
1.864610971426956289e-03 1.094764480447645656e+04
1.915812229259642330e-03 1.119444160449012816e+04
1.968419447286611293e-03 1.144532929012422574e+04
2.022471232451355985e-03 1.170029106578205756e+04
2.078007251824171529e-03 1.195930529283412761e+04
2.135068261712696168e-03 1.222234530251364049e+04
2.193696137571797024e-03 1.248937920901904363e+04
2.253933904734791056e-03 1.276036972327156218e+04
2.315825769988507938e-03 1.303527302967917967e+04
2.379417154015395913e-03 1.331403362371746516e+04
2.444754724726473216e-03 1.359658722478365053e+04
2.511886431509579437e-03 1.388286262965283640e+04
2.580861540418074272e-03 1.417278151655914007e+04
2.651730670325789813e-03 1.446625825041548524e+04
2.724545830074793281e-03 1.476319969378179303e+04
2.799360456643182338e-03 1.506350502438686635e+04
2.876229454360987748e-03 1.536706546198897740e+04
2.955209235202887856e-03 1.567375924389146530e+04
3.036357760187358319e-03 1.598344876470186500e+04
3.119734581912619095e-03 1.629598653655400449e+04
3.205400888260593294e-03 1.661121556145048817e+04
3.293419547300957713e-03 1.692896918737930537e+04
3.383855153428233075e-03 1.724907098012558708e+04
3.476774074765777087e-03 1.757133461200559759e+04
3.572244501871464119e-03 1.789556376876134891e+04
3.670336497780800258e-03 1.822154935866984670e+04
3.771122049424195655e-03 1.854905513196645916e+04
3.874675120456132216e-03 1.887782684572987637e+04
3.981071705534973415e-03 1.920759823873200367e+04
4.090389886093310536e-03 1.953809105121897665e+04
4.202709887639691569e-03 1.986901506697817968e+04
4.318114138633850560e-03 2.020006819053703657e+04
4.436687330978611628e-03 2.053093656116076454e+04
4.558516482172869644e-03 2.086129439836645906e+04
4.683690999171267327e-03 2.119078905779893103e+04
4.812302743997420168e-03 2.151903319923996241e+04
4.944446101158830355e-03 2.184562446644022202e+04
5.080218046913023006e-03 2.217014751565170081e+04
5.219718220435652298e-03 2.249217443684798491e+04
5.363048996942865534e-03 2.281126523719156103e+04
5.510315562821568869e-03 2.312696838830500928e+04
5.661625992822727667e-03 2.343882143868943604e+04
5.817091329374357578e-03 2.374634373230695201e+04
5.976825664072413224e-03 2.404899560138150264e+04
6.140946221409365226e-03 2.434620715779455350e+04
6.309573444801930275e-03 2.463739710477443441e+04
6.482831084981073057e-03 2.492197393699038366e+04
6.660846290809154316e-03 2.519933721061172037e+04
6.843749702590877504e-03 2.546887891595238762e+04
7.031675547946470567e-03 2.572998495192412520e+04
7.224761740317567349e-03 2.598203594459250598e+04
7.423149980177935758e-03 2.622437188148233690e+04
7.626985859023443712e-03 2.645627549787988755e+04
7.836418966217518697e-03 2.667702299613185824e+04
8.051602998770538214e-03 2.688589057134806717e+04
8.272695874133697766e-03 2.708215693318848207e+04
8.499859846090154769e-03 2.726510595244024080e+04
8.733261623828437667e-03 2.743402942421995613e+04
8.973072494285637066e-03 2.758822993827345636e+04
9.219468447849992962e-03 2.772700649681127470e+04
9.472630307515245152e-03 2.784956845931920179e+04
9.732743861581504355e-03 2.795510318447596364e+04
1.000000000000000021e-02 2.804281953010897996e+04
1.027459485446180140e-02 2.811195224719013640e+04
1.055672994233329033e-02 2.816176639732706099e+04
1.084661231454404559e-02 2.819156183962339128e+04
1.114445470753563060e-02 2.820067775838148737e+04
1.145047569938281717e-02 2.818849666330951732e+04
1.176489987020185903e-02 2.815442288042263317e+04
1.208795796696343280e-02 2.809787564988776649e+04
1.241988707283130100e-02 2.801832933171880359e+04
1.276093078115091844e-02 2.791532117651645603e+04
1.311133937421564422e-02 2.778845597233493754e+04
1.347137000694184628e-02 2.763741049141763506e+04
1.384128689558757237e-02 2.746193769004829664e+04
1.422136151165336211e-02 2.726187061432788323e+04
1.461187278110747875e-02 2.703715509108955303e+04
1.501310728908173547e-02 2.678799849206223735e+04
1.542535949018821427e-02 2.651475475823196393e+04
1.584893192461113431e-02 2.621785649876475873e+04
1.628413544013249115e-02 2.589781426314423516e+04
1.673128942025444224e-02 2.555521548877276291e+04
1.719072201858574608e-02 2.519072299733978798e+04
1.766277039966442780e-02 2.480507303940555357e+04
1.814778098639323323e-02 2.439908268457643499e+04
1.864610971426956115e-02 2.397411189871639726e+04
1.915812229259642244e-02 2.353222056146483374e+04
1.968419447286612334e-02 2.307548922763877999e+04
2.022471232451356765e-02 2.260595304931896317e+04
2.078007251824172744e-02 2.212559171075465929e+04
2.135068261712695301e-02 2.163632056913177803e+04
2.193696137571795809e-02 2.113998299292215597e+04
2.253933904734791230e-02 2.063834387565015277e+04
2.315825769988507851e-02 2.013329907539681881e+04
2.379417154015396260e-02 1.962781947072128605e+04
2.444754724726472955e-02 1.912504666599377742e+04
2.511886431509579437e-02 1.862784563641180284e+04
2.580861540418074099e-02 1.813880930018340223e+04
2.651730670325791461e-02 1.766026746016658217e+04
2.724545830074791633e-02 1.719429900537980211e+04
2.799360456643180950e-02 1.674274678060653605e+04
2.876229454360986273e-02 1.630722800084306073e+04
2.955209235202886295e-02 1.588913080168017950e+04
3.036357760187358493e-02 1.548965812822324551e+04
3.119734581912619181e-02 1.510985697130353947e+04
3.205400888260593467e-02 1.475063904035975975e+04
3.293419547300957539e-02 1.441276080874034051e+04
3.383855153428233509e-02 1.409588620852967506e+04
3.476774074765778821e-02 1.379866515802810682e+04
3.572244501871466027e-02 1.351980243899724337e+04
3.670336497780802426e-02 1.325781132299197270e+04
3.771122049424197736e-02 1.300999187287857239e+04
3.874675120456130134e-02 1.277345429396628242e+04
3.981071705534973415e-02 1.254497899898297692e+04
4.090389886093310362e-02 1.232056975146393779e+04
4.202709887639691222e-02 1.209622504603653579e+04
4.318114138633850907e-02 1.186756452547083245e+04
4.436687330978611454e-02 1.163032173510046596e+04
4.558516482172869644e-02 1.138035301403431185e+04
4.683690999171270103e-02 1.111398558078913993e+04
4.812302743997418086e-02 1.082824548693104225e+04
4.944446101158827406e-02 1.052111565145807253e+04
5.080218046913020230e-02 1.019168590369828416e+04
5.219718220435649175e-02 9.840536398154832568e+03
5.363048996942865881e-02 9.469660342386447155e+03
5.510315562821568869e-02 9.082490827490175434e+03
5.661625992822727493e-02 8.683974452922153432e+03
5.817091329374357578e-02 8.280204329310576213e+03
5.976825664072413224e-02 7.878103737677777644e+03
6.140946221409365052e-02 7.485103516916247827e+03
6.309573444801933051e-02 7.108537360696955147e+03
6.482831084981076353e-02 6.755161640717182308e+03
6.660846290809158132e-02 6.430658530407162289e+03
6.843749702590873341e-02 6.139113937319604702e+03
7.031675547946467097e-02 5.882811512544451034e+03
7.224761740317567349e-02 5.661812651509687385e+03
7.423149980177935758e-02 5.473919250541104702e+03
7.626985859023444059e-02 5.314758654986688271e+03
7.836418966217519044e-02 5.177769171194676346e+03
8.051602998770537867e-02 5.054689709718127233e+03
8.272695874133702276e-02 4.936199805008433941e+03
8.499859846090150606e-02 4.812797673047316493e+03
8.733261623828432463e-02 4.675950630874743183e+03
8.973072494285633249e-02 4.519379673630811340e+03
9.219468447849987758e-02 4.340166173066501869e+03
9.472630307515245152e-02 4.139443730488656911e+03
9.732743861581504008e-02 3.922367631828317371e+03
1.000000000000000056e-01 3.697364871147363829e+03
1.027459485446180071e-01 3.474790805697596625e+03
1.055672994233329137e-01 3.265182440098079041e+03
1.084661231454404490e-01 3.077410795032556052e+03
1.114445470753562539e-01 2.917131428392708585e+03
1.145047569938281162e-01 2.785894286098116027e+03
1.176489987020185313e-01 2.680818170709620517e+03
1.208795796696343905e-01 2.595025744383332494e+03
1.241988707283130794e-01 2.519416533294679994e+03
1.276093078115091983e-01 2.443485425940286405e+03
1.311133937421564422e-01 2.357658541875245646e+03
1.347137000694184628e-01 2.256418877291355329e+03
1.384128689558757064e-01 2.140283905920698089e+03
1.422136151165336038e-01 2.015233528742261569e+03
1.461187278110747112e-01 1.890372167762815934e+03
1.501310728908172853e-01 1.774688726769674759e+03
1.542535949018820629e-01 1.674615453543766762e+03
1.584893192461114264e-01 1.592569881707588820e+03
1.628413544013249947e-01 1.526312464458198747e+03
1.673128942025444155e-01 1.469343272305030951e+03
1.719072201858574678e-01 1.413481321446818583e+03
1.766277039966442919e-01 1.352309448962638726e+03
1.814778098639323323e-01 1.283507895958129438e+03
1.864610971426956254e-01 1.209492959723349259e+03
1.915812229259642452e-01 1.136222699357479087e+03
1.968419447286611224e-01 1.070063786706527480e+03
2.022471232451355794e-01 1.013993312396029182e+03
2.078007251824171564e-01 9.667121039904534427e+02
2.135068261712696203e-01 9.239751156989448191e+02
2.193696137571796989e-01 8.810141454771785448e+02
2.253933904734791160e-01 8.351927328306832123e+02
2.315825769988507921e-01 7.877270323330711790e+02
2.379417154015396052e-01 7.419064024034731801e+02
2.444754724726473094e-01 7.006337411290111277e+02
2.511886431509579576e-01 6.645798657376084293e+02
2.580861540418074029e-01 6.316192797433668602e+02
2.651730670325789796e-01 5.992656562235609954e+02
2.724545830074790453e-01 5.665576833152451854e+02
2.799360456643182338e-01 5.343465129326486931e+02
2.876229454360987869e-01 5.042626144811005702e+02
2.955209235202888030e-01 4.768702850743536601e+02
3.036357760187358701e-01 4.515165490358656939e+02
3.119734581912619320e-01 4.271626413809824498e+02
3.205400888260593328e-01 4.032518731534738663e+02
3.293419547300957539e-01 3.803526803902028632e+02
3.383855153428233509e-01 3.590056848928035151e+02
3.476774074765777156e-01 3.392207977677028339e+02
3.572244501871464362e-01 3.203220412444103999e+02
3.670336497780800622e-01 3.021631359624286119e+02
3.771122049424199818e-01 2.849338208421521585e+02
3.874675120456131938e-01 2.687548295809442038e+02
3.981071705534973137e-01 2.535340559856603022e+02
4.090389886093310223e-01 2.390381522595340016e+02
4.202709887639691777e-01 2.252704518130049678e+02
4.318114138633850629e-01 2.123045700615836608e+02
4.436687330978611454e-01 2.000731453432946694e+02
4.558516482172869644e-01 1.884856335970646626e+02
4.683690999171267744e-01 1.775173345067175035e+02
4.812302743997415866e-01 1.671618118593377176e+02
4.944446101158824769e-01 1.573925570705269195e+02
5.080218046913023144e-01 1.481703484207319548e+02
5.219718220435651812e-01 1.394600099909215203e+02
5.363048996942866298e-01 1.312349111916439028e+02
5.510315562821569424e-01 1.234715416423227197e+02
5.661625992822727493e-01 1.161471110713953578e+02
5.817091329374357578e-01 1.092388038131088166e+02
5.976825664072412669e-01 1.027242618955408915e+02
6.140946221409364636e-01 9.658223048318397730e+01
6.309573444801930275e-01 9.079252192803876653e+01
6.482831084981072189e-01 8.533597752551793292e+01
6.660846290809153691e-01 8.019442141494205600e+01
6.843749702590877781e-01 7.535060087973261034e+01
7.031675547946470983e-01 7.078814316453038202e+01
7.224761740317566794e-01 6.649151502016060533e+01
7.423149980177935481e-01 6.244598458164955446e+01
7.626985859023444059e-01 5.863759903689727082e+01
7.836418966217518767e-01 5.505314356837774170e+01
8.051602998770538422e-01 5.168008978261214281e+01
8.272695874133697558e-01 4.850656301271688875e+01
8.499859846090145332e-01 4.552131159832229912e+01
8.733261623828428855e-01 4.271367737011978249e+01
8.973072494285637690e-01 4.007356730871311612e+01
9.219468447849992199e-01 3.759142461728821161e+01
9.472630307515245152e-01 3.525819164317234566e+01
9.732743861581504285e-01 3.306529524690211730e+01
1.000000000000000000e+00 3.100462973644435749e+01
