# k [h/Mpc]    P(k) [(Mpc/h)^3]
1.000000000000000021e-03 1.006971030967072147e+04
1.027459485446180097e-03 1.031735890030313749e+04
1.055672994233329033e-03 1.057044902168910812e+04
1.084661231454404472e-03 1.082906369776085376e+04
1.114445470753562583e-03 1.109328556371147170e+04
1.145047569938281197e-03 1.136319669514323141e+04
1.176489987020186466e-03 1.163887450186912247e+04
1.208795796696343801e-03 1.192038930060486564e+04
1.241988707283130794e-03 1.220780915364455359e+04
1.276093078115091931e-03 1.250120014466577595e+04
1.311133937421564335e-03 1.280062621507588847e+04
1.347137000694184497e-03 1.310614899550338123e+04
1.384128689558757194e-03 1.341782763248713491e+04
1.422136151165336168e-03 1.373571861043060380e+04
1.461187278110747181e-03 1.405987470963803207e+04
1.501310728908172810e-03 1.439034024027614032e+04
1.542535949018822338e-03 1.472715363810161398e+04
1.584893192461114082e-03 1.507034910877317270e+04
1.628413544013250025e-03 1.541995639408279203e+04
1.673128942025444267e-03 1.577600053034882148e+04
1.719072201858574652e-03 1.613850160274563314e+04
1.766277039966442823e-03 1.650747449586814037e+04
1.814778098639323453e-03 1.688292856866574948e+04
1.864610971426956289e-03 1.726486381162346152e+04
1.915812229259642330e-03 1.765326853856532762e+04
1.968419447286611293e-03 1.804812357792429248e+04
2.022471232451355985e-03 1.844940236468024523e+04
2.078007251824171529e-03 1.885707064147083656e+04
2.135068261712696168e-03 1.927108615927494975e+04
2.193696137571797024e-03 1.969139837834840000e+04
2.253933904734791056e-03 2.011794817013017746e+04
2.315825769988507938e-03 2.055066613244550899e+04
2.379417154015395913e-03 2.098946492724364361e+04
2.444754724726473216e-03 2.143424357064017386e+04
2.511886431509579437e-03 2.188489015446001940e+04
2.580861540418074272e-03 2.234128153479943649e+04
2.651730670325789813e-03 2.280328302268697371e+04
2.724545830074793281e-03 2.327074808374716304e+04
2.799360456643182338e-03 2.374351804814466232e+04
2.876229454360987748e-03 2.422142167696999240e+04
2.955209235202887856e-03 2.470426720989512978e+04
3.036357760187358319e-03 2.519183783843621131e+04
3.119734581912619095e-03 2.568390113672676307e+04
3.205400888260593294e-03 2.618020964903511049e+04
3.293419547300957713e-03 2.668050066028661240e+04
3.383855153428233075e-03 2.718449599136626784e+04
3.476774074765777087e-03 2.769190182115094285e+04
3.572244501871464119e-03 2.820240853724127373e+04
3.670336497780800258e-03 2.871568630333896363e+04
3.771122049424195655e-03 2.923136222644865848e+04
3.874675120456132216e-03 2.974903490749129560e+04
3.981071705534973415e-03 3.026828392581325897e+04
4.090389886093310536e-03 3.078866986854223796e+04
4.202709887639691569e-03 3.130973439524820424e+04
4.318114138633850560e-03 3.183100035831545756e+04
4.436687330978611628e-03 3.235197198168407704e+04
4.558516482172869644e-03 3.287213462527467345e+04
4.683690999171267327e-03 3.339093164786945999e+04
4.812302743997420168e-03 3.390775228693285317e+04
4.944446101158830355e-03 3.442196214450869593e+04
5.080218046913023006e-03 3.493290633902973059e+04
5.219718220435652298e-03 3.543991016982967267e+04
5.363048996942865534e-03 3.594227987994519208e+04
5.510315562821568869e-03 3.643930351967021124e+04
5.661625992822727667e-03 3.693025191298735444e+04
5.817091329374357578e-03 3.741436726448466652e+04
5.976825664072413224e-03 3.789079927293194487e+04
6.140946221409365226e-03 3.835865022722516733e+04
6.309573444801930275e-03 3.881700447433688532e+04
6.482831084981073057e-03 3.926493031081785011e+04
6.660846290809154316e-03 3.970148198477566621e+04
6.843749702590877504e-03 4.012570185939735529e+04
7.031675547946470567e-03 4.053662273678342171e+04
7.224761740317567349e-03 4.093326914179784217e+04
7.423149980177935758e-03 4.131460128556422569e+04
7.626985859023443712e-03 4.167948873661593825e+04
7.836418966217518697e-03 4.202679075294213544e+04
8.051602998770538214e-03 4.235536660330421000e+04
8.272695874133697766e-03 4.266407954493993748e+04
8.499859846090154769e-03 4.295180099812179105e+04
8.733261623828437667e-03 4.321741490467834956e+04
8.973072494285637066e-03 4.345982225543635286e+04
9.219468447849992962e-03 4.367791854775200773e+04
9.472630307515245152e-03 4.387045878554267983e+04
9.732743861581504355e-03 4.403616364908040850e+04
1.000000000000000021e-02 4.417378777859404363e+04
1.027459485446180140e-02 4.428212669577156339e+04
1.055672994233329033e-02 4.436002376209753857e+04
1.084661231454404559e-02 4.440637724580227223e+04
1.114445470753563060e-02 4.442014745245286758e+04
1.145047569938281717e-02 4.440036303816909640e+04
1.176489987020185903e-02 4.434608781682965491e+04
1.208795796696343280e-02 4.425641018888267718e+04
1.241988707283130100e-02 4.413050551946750784e+04
1.276093078115091844e-02 4.396764827967134624e+04
1.311133937421564422e-02 4.376721934443463397e+04
1.347137000694184628e-02 4.352871297399869945e+04
1.384128689558757237e-02 4.325174340543951257e+04
1.422136151165336211e-02 4.293605098016918055e+04
1.461187278110747875e-02 4.258155332335134881e+04
1.501310728908173547e-02 4.218857819640931848e+04
1.542535949018821427e-02 4.175768351989091025e+04
1.584893192461113431e-02 4.128955108750904037e+04
1.628413544013249115e-02 4.078498542157324118e+04
1.673128942025444224e-02 4.024491211606418074e+04
1.719072201858574608e-02 3.967037546896409913e+04
1.766277039966442780e-02 3.906253540295037237e+04
1.814778098639323323e-02 3.842267911470221588e+04
1.864610971426956115e-02 3.775294928267414798e+04
1.915812229259642244e-02 3.705659146698322002e+04
1.968419447286612334e-02 3.633688363460387336e+04
2.022471232451356765e-02 3.559703203546266741e+04
2.078007251824172744e-02 3.484015535464619461e+04
2.135068261712695301e-02 3.406927076572378428e+04
2.193696137571795809e-02 3.328728187190319295e+04
2.253933904734791230e-02 3.249696849987234964e+04
2.315825769988507851e-02 3.170131641700445471e+04
2.379417154015396260e-02 3.090500347997158315e+04
2.444754724726472955e-02 3.011297597759291239e+04
2.511886431509579437e-02 2.932974439645512030e+04
2.580861540418074099e-02 2.855939065208509055e+04
2.651730670325791461e-02 2.780558219823404579e+04
2.724545830074791633e-02 2.707159126687617390e+04
2.799360456643180950e-02 2.636031830682004147e+04
2.876229454360986273e-02 2.567430854015637669e+04
2.955209235202886295e-02 2.501574700618859060e+04
3.036357760187358493e-02 2.438652719136326778e+04
3.119734581912619181e-02 2.378829690201275298e+04
3.205400888260593467e-02 2.322249083827478171e+04
3.293419547300957539e-02 2.269029916413714091e+04
3.383855153428233509e-02 2.219119096841250212e+04
3.476774074765778821e-02 2.172303805521078903e+04
3.572244501871466027e-02 2.128379879540728507e+04
3.670336497780802426e-02 2.087113088327016885e+04
3.771122049424197736e-02 2.048078499346095850e+04
3.874675120456130134e-02 2.010821372601683834e+04
3.981071705534973415e-02 1.974834882885097613e+04
4.090389886093310362e-02 1.939489640800384950e+04
4.202709887639691222e-02 1.904155538429614535e+04
4.318114138633850907e-02 1.868143273821402909e+04
4.436687330978611454e-02 1.830781408488817033e+04
4.558516482172869644e-02 1.791417193802996553e+04
4.683690999171270103e-02 1.749472105873915280e+04
4.812302743997418086e-02 1.704478159247043004e+04
4.944446101158827406e-02 1.656119172255192461e+04
5.080218046913020230e-02 1.604253052651406142e+04
5.219718220435649175e-02 1.548967241365386508e+04
5.363048996942865881e-02 1.490575257468873679e+04
5.510315562821568869e-02 1.429621753111114595e+04
5.661625992822727493e-02 1.366883654318428307e+04
5.817091329374357578e-02 1.303319570712310451e+04
5.976825664072413224e-02 1.240020156212936308e+04
6.140946221409365052e-02 1.178153765500775262e+04
6.309573444801933051e-02 1.118875519965809872e+04
6.482831084981076353e-02 1.063248361015358932e+04
6.660846290809158132e-02 1.012165610042744993e+04
6.843749702590873341e-02 9.662722285621495757e+03
7.031675547946467097e-02 9.259258840397544191e+03
7.224761740317567349e-02 8.911369576881998000e+03
7.423149980177935758e-02 8.615600568674886745e+03
7.626985859023444059e-02 8.365048681154627047e+03
7.836418966217519044e-02 8.149398102011517949e+03
8.051602998770537867e-02 7.955645071774160897e+03
8.272695874133702276e-02 7.769116816437101988e+03
8.499859846090150606e-02 7.574860862003126385e+03
8.733261623828432463e-02 7.359448559856205065e+03
8.973072494285633249e-02 7.112992736147223695e+03
9.219468447849987758e-02 6.830905130769309835e+03
9.472630307515245152e-02 6.514968771233857296e+03
9.732743861581504008e-02 6.173295841423632737e+03
1.000000000000000056e-01 5.819151354341672231e+03
1.027459485446180071e-01 5.468832839089204754e+03
1.055672994233329137e-01 5.138922471197020059e+03
1.084661231454404490e-01 4.843382744568298222e+03
1.114445470753562539e-01 4.591113544139429905e+03
1.145047569938281162e-01 4.384553810055845133e+03
1.176489987020185313e-01 4.219170144523518502e+03
1.208795796696343905e-01 4.084137181312813482e+03
1.241988707283130794e-01 3.965131614974922741e+03
1.276093078115091983e-01 3.845620196237739037e+03
1.311133937421564422e-01 3.710535534715145332e+03
1.347137000694184628e-01 3.551194726250330405e+03
1.384128689558757064e-01 3.368412144102972434e+03
1.422136151165336038e-01 3.171600151131429811e+03
1.461187278110747112e-01 2.975086456542596352e+03
1.501310728908172853e-01 2.793017821322023792e+03
1.542535949018820629e-01 2.635517250393705126e+03
1.584893192461114264e-01 2.506389281878152815e+03
1.628413544013249947e-01 2.402109917144654901e+03
1.673128942025444155e-01 2.312448584308099726e+03
1.719072201858574678e-01 2.224529874240621211e+03
1.766277039966442919e-01 2.128255086084918275e+03
1.814778098639323323e-01 2.019973403725875414e+03
1.864610971426956254e-01 1.903487035707830955e+03
1.915812229259642452e-01 1.788173019832966702e+03
1.968419447286611224e-01 1.684051164508161037e+03
2.022471232451355794e-01 1.595806635727613184e+03
2.078007251824171564e-01 1.521394732899972723e+03
2.135068261712696203e-01 1.454134626841195086e+03
2.193696137571796989e-01 1.386522176320171639e+03
2.253933904734791160e-01 1.314408280305212429e+03
2.315825769988507921e-01 1.239706806338676643e+03
2.379417154015396052e-01 1.167594440062416197e+03
2.444754724726473094e-01 1.102639708389114958e+03
2.511886431509579576e-01 1.045898294513439623e+03
2.580861540418074029e-01 9.940251432860808336e+02
2.651730670325789796e-01 9.431073064733424189e+02
2.724545830074790453e-01 8.916318908367445601e+02
2.799360456643182338e-01 8.409384198777479469e+02
2.876229454360987869e-01 7.935928621428415681e+02
2.955209235202888030e-01 7.504832796371237009e+02
3.036357760187358701e-01 7.105820313026032409e+02
3.119734581912619320e-01 6.722543351506180898e+02
3.205400888260593328e-01 6.346240860768083394e+02
3.293419547300957539e-01 5.985858652380733247e+02
3.383855153428233509e-01 5.649904799171605418e+02
3.476774074765777156e-01 5.338535223303805424e+02
3.572244501871464362e-01 5.041111569548805278e+02
3.670336497780800622e-01 4.755331718845653768e+02
3.771122049424199818e-01 4.484181689365668149e+02
3.874675120456131938e-01 4.229561494279424778e+02
3.981071705534973137e-01 3.990021568868059489e+02
4.090389886093310223e-01 3.761889561673148137e+02
4.202709887639691777e-01 3.545217912712518000e+02
4.318114138633850629e-01 3.341165128872183345e+02
4.436687330978611454e-01 3.148671075349651574e+02
4.558516482172869644e-01 2.966310785759759483e+02
4.683690999171267744e-01 2.793695524374572869e+02
4.812302743997415866e-01 2.630723991102100854e+02
4.944446101158824769e-01 2.476978992551936187e+02
5.080218046913023144e-01 2.331843260160805187e+02
5.219718220435651812e-01 2.194763198440180076e+02
5.363048996942866298e-01 2.065319697671796462e+02
5.510315562821569424e-01 1.943142754060248194e+02
5.661625992822727493e-01 1.827873697270055686e+02
5.817091329374357578e-01 1.719153457835845416e+02
5.976825664072412669e-01 1.616630169830809507e+02
6.140946221409364636e-01 1.519969328624615628e+02
6.309573444801930275e-01 1.428853225080906952e+02
6.482831084981072189e-01 1.342980343672002448e+02
6.660846290809153691e-01 1.262064636937580957e+02
6.843749702590877781e-01 1.185834585855766505e+02
7.031675547946470983e-01 1.114032520208150459e+02
7.224761740317566794e-01 1.046413981881733264e+02
7.423149980177935481e-01 9.827471248921601443e+01
7.626985859023444059e-01 9.228123639496486419e+01
7.836418966217518767e-01 8.664017282629001215e+01
8.051602998770538422e-01 8.133180498804820502e+01
8.272695874133697558e-01 7.633744490916973291e+01
8.499859846090145332e-01 7.163938509498437668e+01
8.733261623828428855e-01 6.722085207549318397e+01
8.973072494285637690e-01 6.306596180185039202e+01
9.219468447849992199e-01 5.915967412071309894e+01
9.472630307515245152e-01 5.548773442216301532e+01
9.732743861581504285e-01 5.203665061162541861e+01
1.000000000000000000e+00 4.879366625052173845e+01
