# k [h/Mpc]   P(k) [(Mpc/h)^3]
1.000000000000000021e-03 8.056128064551485295e+03
1.035321843295662538e-03 8.283286439342642552e+03
1.071891319205127554e-03 8.516895058414487721e+03
1.109752496412072130e-03 8.757071094200942753e+03
1.148951000187308554e-03 9.003930189416068970e+03
1.189534067370319513e-03 9.257571845248314276e+03
1.231550603292826162e-03 9.518087113548786874e+03
1.275051240713012809e-03 9.785567245382393594e+03
1.320088400831418048e-03 1.006010377890701966e+04
1.366716356462005988e-03 1.034178854694308211e+04
1.414991297434575876e-03 1.063071367438337438e+04
1.464971398307286267e-03 1.092695979933167655e+04
1.516716888470922469e-03 1.123057333821480279e+04
1.570290124729377445e-03 1.154159468085271328e+04
1.625755666443793376e-03 1.186006446619123562e+04
1.683180353330956556e-03 1.218602358562851623e+04
1.742633386009650835e-03 1.251951318634934069e+04
1.804186409392071833e-03 1.286057310600377787e+04
1.867913599020782755e-03 1.320920212054193325e+04
1.933891750455230159e-03 1.356535472615522303e+04
2.002200371815584384e-03 1.392898333336899850e+04
2.072921779595371904e-03 1.430004045698328628e+04
2.146141197858403554e-03 1.467847871135672722e+04
2.221946860939523916e-03 1.506425080574379899e+04
2.300430119772916854e-03 1.545729589411007510e+04
2.381685551976158062e-03 1.585746394105133368e+04
2.465811075822603882e-03 1.626456891325076867e+04
2.552908068239516468e-03 1.667842447332994197e+04
2.643081486974105387e-03 1.709884406113661680e+04
2.736439997074671757e-03 1.752564087831716097e+04
2.833096101839324091e-03 1.795862758972251686e+04
2.933166278390045463e-03 1.839756033444075729e+04
3.036771118035457451e-03 1.884207112959390361e+04
3.144035471591500111e-03 1.929177484155167986e+04
3.255088599835056357e-03 1.974628558933431850e+04
3.370064329271928172e-03 2.020521672104538447e+04
3.489101213406773684e-03 2.066818079214345198e+04
3.612342699709430310e-03 2.113478113914829737e+04
3.739937302478797687e-03 2.160447931028540916e+04
3.872038781812556923e-03 2.207661883566927645e+04
4.008806328898464194e-03 2.255053825078127920e+04
4.150404757850476717e-03 2.302557459856639252e+04
4.297004704320839599e-03 2.350106341748527848e+04
4.448782831127585241e-03 2.397633873480158945e+04
4.605922041145103958e-03 2.445068823883605364e+04
4.768611697714469390e-03 2.492318228043688578e+04
4.937047852839003374e-03 2.539282431373132567e+04
5.111433483440165799e-03 2.585861557993002498e+04
5.291978735958441891e-03 2.631955515847296192e+04
5.478901179593945181e-03 2.677464001755058780e+04
5.672426068491977225e-03 2.722286326310740696e+04
5.872786613189483196e-03 2.766308153325615785e+04
6.080224261649421272e-03 2.809392447455065121e+04
6.294988990221887619e-03 2.851399784583651126e+04
6.517339604882419792e-03 2.892190502144566926e+04
6.747544053110693212e-03 2.931624717764477100e+04
6.985879746785249485e-03 2.969562350217057246e+04
7.232633896483533706e-03 3.005861536050040741e+04
7.488103857590022727e-03 3.040361932085768058e+04
7.752597488629464108e-03 3.072891381102916057e+04
8.026433522257174491e-03 3.103277403573214178e+04
8.309941949353395751e-03 3.131347425766203378e+04
8.603464416684501043e-03 3.156928824636689751e+04
8.907354638610439843e-03 3.179848976166512148e+04
9.221978823334321326e-03 3.199934569346885837e+04
9.547716114208055702e-03 3.217009768986252675e+04
9.884959046625585791e-03 3.230898316401452394e+04
1.023411402105453213e-02 3.241424178440538162e+04
1.059560179277615859e-02 3.248411615425310083e+04
1.096985797892383561e-02 3.251685252710254281e+04
1.135733358343105071e-02 3.251070972535217516e+04
1.175849554052156402e-02 3.246425943934147290e+04
1.217382727739661427e-02 3.237647331714147367e+04
1.260382929679727468e-02 3.224635514525630424e+04
1.304901978014402254e-02 3.207291557749349886e+04
1.350993521198026563e-02 3.185517266142086737e+04
1.398713102647237971e-02 3.159215237536423956e+04
1.448118227674533715e-02 3.128306475534294441e+04
1.499268432786045671e-02 3.092854894330819297e+04
1.552225357427047120e-02 3.052993860351258263e+04
1.607052818261638441e-02 3.008857680255887681e+04
1.663816886076128349e-02 2.960581084727494454e+04
1.722585965398786695e-02 2.908299166368761871e+04
1.783430876931909465e-02 2.852147474402605803e+04
1.846424942895543569e-02 2.792346718958688143e+04
1.911644075385701691e-02 2.729342802440830201e+04
1.979166867853556291e-02 2.663617687041794488e+04
2.049074689815847186e-02 2.595652182359508879e+04
2.121451784910629787e-02 2.525925801498467990e+04
2.196385372416545870e-02 2.454916643967087657e+04
2.273965752357927361e-02 2.383103987491422231e+04
2.354286414322416532e-02 2.311021622630670390e+04
2.437444150122220626e-02 2.239254620623522715e+04
2.523539170434765944e-02 2.168388082739277525e+04
2.612675225563327805e-02 2.099005077413650361e+04
2.704959730463134260e-02 2.031686720491122105e+04
2.800503894183630979e-02 1.967010977637555698e+04
2.899422853882876669e-02 1.905428512279386268e+04
3.001835813575589110e-02 1.847161444983582260e+04
3.107866187782012263e-02 1.792407583831603188e+04
3.217641750250735400e-02 1.741364547140069408e+04
3.331294787934673679e-02 1.694170850980572868e+04
3.448962260405757929e-02 1.650631760925692652e+04
3.570785964900462933e-02 1.610436446746742513e+04
3.696912707195026265e-02 1.573203947905801579e+04
3.827494478516311333e-02 1.538327641458107610e+04
3.962688638701478139e-02 1.505123136154747226e+04
4.102658105827192148e-02 1.472749195095235336e+04
4.247571552536898165e-02 1.440304974158162804e+04
4.397603609302719319e-02 1.406859446757104342e+04
4.552935074866947679e-02 1.371539274221057167e+04
4.713753134116724364e-02 1.333593670959053452e+04
4.880251583654431069e-02 1.292488491868382152e+04
5.052631065335679711e-02 1.247982977099068921e+04
5.231099308056260527e-02 1.200200817015551911e+04
5.415871378079470388e-02 1.149667925802079844e+04
5.607169938205457810e-02 1.097280419447478198e+04
5.805225516094898730e-02 1.044243388008011243e+04
6.010276782070381879e-02 9.919830307827129218e+03
6.222570836730228344e-02 9.419347701962284191e+03
6.442363508721370147e-02 8.954403929647725818e+03
6.669919663030121626e-02 8.535330002533932202e+03
6.905513520162327723e-02 8.167962220478832933e+03
7.149428986597576585e-02 7.853517910378262059e+03
7.401959996915641327e-02 7.587326221208400966e+03
7.663410868007454468e-02 7.360357956107503014e+03
7.934096665797492343e-02 7.159362783263664824e+03
8.214343584919425734e-02 6.969595000477803296e+03
8.504489341802677627e-02 6.776334003568736080e+03
8.804883581643460633e-02 6.569207408616888642e+03
9.115888299750818380e-02 6.343197075148649674e+03
9.437878277775381408e-02 6.101309278614428877e+03
9.771241535346496254e-02 5.852384239155391697e+03
1.011637979766207007e-01 5.608641775964409135e+03
1.047370897959449682e-01 5.381268134862232728e+03
1.084365968689609827e-01 5.176915387201971498e+03
1.122667773510813566e-01 4.995839043043702986e+03
1.162322468679851811e-01 4.832672104975777984e+03
1.203377840777589275e-01 4.679644716006137060e+03
1.245883364295008178e-01 4.529661328030830191e+03
1.289890261253308079e-01 4.381397207501740922e+03
1.335451562929898806e-01 4.238445815054402374e+03
1.382622173764654905e-01 4.107934456502205649e+03
1.431458937523478470e-01 3.993518229399071515e+03
1.482020705798858529e-01 3.891428839260138375e+03
1.534368408930011640e-01 3.792007442622747021e+03
1.588565129428052836e-01 3.684042062177968091e+03
1.644676177994662813e-01 3.564182605220114510e+03
1.702769172225899463e-01 3.439539288253688028e+03
1.762914118095947891e-01 3.328119325807855603e+03
1.825183494319042588e-01 3.242521752888025730e+03
1.889652339691209604e-01 3.181498628593528792e+03
1.956398343517062877e-01 3.123333187615923180e+03
2.025501939230666404e-01 3.048795951651561154e+03
2.097046401323232889e-01 2.954189092230561982e+03
2.171117945694503171e-01 2.859233395478572675e+03
2.247805833548725263e-01 2.785032859897905837e+03
2.327202478960407328e-01 2.734323518766287634e+03
2.409403560239524456e-01 2.688342423499129382e+03
2.494508135230316670e-01 2.623986544848079120e+03
2.582618760682675041e-01 2.550255389808244672e+03
2.673841615839946395e-01 2.484365467414747400e+03
2.768286630392063907e-01 2.435890769815689055e+03
2.866067616948250185e-01 2.392397579036754905e+03
2.967302408188869367e-01 2.337858576837250439e+03
3.072112998861756261e-01 2.281040042575258212e+03
3.180625692794118997e-01 2.231493730928258628e+03
3.292971255097147942e-01 2.188445178199532165e+03
3.409285069746810781e-01 2.144639077619514410e+03
3.529707302730650254e-01 2.096930613048943997e+03
3.654383070957254454e-01 2.052398634061232769e+03
3.783462617131929107e-01 2.013500856897345329e+03
3.917101490809256625e-01 1.972299985367572845e+03
4.055460735840827891e-01 1.931377782846535865e+03
4.198707084443910054e-01 1.894022405925828025e+03
4.347013158125022092e-01 1.856815324789950864e+03
4.500557675700497251e-01 1.820303979442893706e+03
4.659525668664677434e-01 1.785264723173062521e+03
4.824108704165368522e-01 1.751119487358079596e+03
4.994505115855140120e-01 1.717724901975438115e+03
5.170920242896754893e-01 1.685330826519702441e+03
5.353566677410723784e-01 1.653999158219467063e+03
5.542664520663102001e-01 1.623616452413707520e+03
5.738441648302392561e-01 1.594085584732539928e+03
5.941133984965033532e-01 1.565389879951175772e+03
6.150985788580497493e-01 1.537530734825599211e+03
6.368249944718585853e-01 1.510507989507376351e+03
6.593188271333542128e-01 1.484308935845186170e+03
6.826071834272385841e-01 1.458914806142804309e+03
7.067181273927490848e-01 1.434306794802855848e+03
7.316807143427191962e-01 1.410466092318053597e+03
7.575250258771912826e-01 1.387373375357386976e+03
7.842822061337682005e-01 1.365008371776341619e+03
8.119844993184008874e-01 1.343350708419685361e+03
8.406652885618325355e-01 1.322380013494417199e+03
8.703591361485156774e-01 1.302075916439760476e+03
9.011018251665018353e-01 1.282418003941267898e+03
9.329304026284686024e-01 1.263382270615251628e+03
9.658832241158697984e-01 1.244938506774905363e+03
1.000000000000000000e+00 1.227055889070619742e+03
