# k [h/Mpc]   P(k) [(Mpc/h)^3]
1.000000000000000021e-03 1.156773151325650542e+04
1.035321843295662538e-03 1.190681041167450348e+04
1.071891319205127554e-03 1.225547441485956551e+04
1.109752496412072130e-03 1.261390131343240319e+04
1.148951000187308554e-03 1.298226682575203813e+04
1.189534067370319513e-03 1.336072216221436065e+04
1.231550603292826162e-03 1.374940582260482370e+04
1.275051240713012809e-03 1.414845687741992697e+04
1.320088400831418048e-03 1.455801510997492369e+04
1.366716356462005988e-03 1.497822103528964180e+04
1.414991297434575876e-03 1.540921590358416870e+04
1.464971398307286267e-03 1.585112361168407551e+04
1.516716888470922469e-03 1.630401575003216385e+04
1.570290124729377445e-03 1.676795487828085970e+04
1.625755666443793376e-03 1.724300416480511922e+04
1.683180353330956556e-03 1.772922739460299636e+04
1.742633386009650835e-03 1.822668897732801270e+04
1.804186409392071833e-03 1.873545157270955679e+04
1.867913599020782755e-03 1.925551569324123921e+04
1.933891750455230159e-03 1.978681472215496251e+04
2.002200371815584384e-03 2.032927895465993788e+04
2.072921779595371904e-03 2.088283891770725313e+04
2.146141197858403554e-03 2.144742535735195997e+04
2.221946860939523916e-03 2.202296922617060773e+04
2.300430119772916854e-03 2.260938128523394698e+04
2.381685551976158062e-03 2.320643903445258911e+04
2.465811075822603882e-03 2.381386599857007241e+04
2.552908068239516468e-03 2.443138499936923108e+04
2.643081486974105387e-03 2.505871826000626606e+04
2.736439997074671757e-03 2.569558736541940380e+04
2.833096101839324091e-03 2.634171280566566929e+04
2.933166278390045463e-03 2.699673138023285719e+04
3.036771118035457451e-03 2.766009629666696856e+04
3.144035471591500111e-03 2.833123470504724173e+04
3.255088599835056357e-03 2.900957184763326950e+04
3.370064329271928172e-03 2.969453099935161663e+04
3.489101213406773684e-03 3.038553341276301580e+04
3.612342699709430310e-03 3.108198599129577997e+04
3.739937302478797687e-03 3.178308757351668464e+04
3.872038781812556923e-03 3.248786326309918149e+04
4.008806328898464194e-03 3.319532932772369531e+04
4.150404757850476717e-03 3.390449829389152001e+04
4.297004704320839599e-03 3.461437891732506978e+04
4.448782831127585241e-03 3.532397616655091406e+04
4.605922041145103958e-03 3.603222617101754440e+04
4.768611697714469390e-03 3.673774786956772732e+04
4.937047852839003374e-03 3.743906091001001914e+04
5.111433483440165799e-03 3.813467947125781211e+04
5.291978735958441891e-03 3.882311237852986233e+04
5.478901179593945181e-03 3.950286322996666422e+04
5.672426068491977225e-03 4.017242792024180380e+04
5.872786613189483196e-03 4.083010212233730272e+04
6.080224261649421272e-03 4.147384952876263560e+04
6.294988990221887619e-03 4.210159661015889287e+04
6.517339604882419792e-03 4.271126399301584024e+04
6.747544053110693212e-03 4.330076692313329841e+04
6.985879746785249485e-03 4.386801578643717949e+04
7.232633896483533706e-03 4.441089364132585615e+04
7.488103857590022727e-03 4.492701687715611479e+04
7.752597488629464108e-03 4.541383083652871574e+04
8.026433522257174491e-03 4.586877494617543562e+04
8.309941949353395751e-03 4.628928641523846454e+04
8.603464416684501043e-03 4.667280134190357057e+04
8.907354638610439843e-03 4.701675590500276303e+04
9.221978823334321326e-03 4.731857345991642069e+04
9.547716114208055702e-03 4.757562950668582926e+04
9.884959046625585791e-03 4.778529235749574582e+04
1.023411402105453213e-02 4.794493596077026450e+04
1.059560179277615859e-02 4.805194158153278840e+04
1.096985797892383561e-02 4.810369956998137059e+04
1.135733358343105071e-02 4.809762312364860554e+04
1.175849554052156402e-02 4.803158685984920885e+04
1.217382727739661427e-02 4.790405442938015767e+04
1.260382929679727468e-02 4.771354280865490728e+04
1.304901978014402254e-02 4.745858598545493442e+04
1.350993521198026563e-02 4.713773626286891522e+04
1.398713102647237971e-02 4.674956558599395794e+04
1.448118227674533715e-02 4.629292489743880287e+04
1.499268432786045671e-02 4.576877338725970912e+04
1.552225357427047120e-02 4.517909692782911588e+04
1.607052818261638441e-02 4.452590024458411790e+04
1.663816886076128349e-02 4.381119871789147146e+04
1.722585965398786695e-02 4.303701687461983965e+04
1.783430876931909465e-02 4.220538924786837742e+04
1.846424942895543569e-02 4.131963021431285597e+04
1.911644075385701691e-02 4.038642940103106230e+04
1.979166867853556291e-02 3.941300827159952314e+04
2.049074689815847186e-02 3.840655984943979274e+04
2.121451784910629787e-02 3.737424516722317640e+04
2.196385372416545870e-02 3.632319038264948176e+04
2.273965752357927361e-02 3.526052665394463111e+04
2.354286414322416532e-02 3.419422596454909217e+04
2.437444150122220626e-02 3.313304714897004305e+04
2.523539170434765944e-02 3.208573027386393005e+04
2.612675225563327805e-02 3.106096459361502275e+04
2.704959730463134260e-02 3.006739056350373357e+04
2.800503894183630979e-02 2.911358322315418263e+04
2.899422853882876669e-02 2.820620344718842171e+04
3.001835813575589110e-02 2.734849593064753208e+04
3.107866187782012263e-02 2.654333958783212802e+04
3.217641750250735400e-02 2.579360844402967268e+04
3.331294787934673679e-02 2.510129392899734739e+04
3.448962260405757929e-02 2.446341972729198096e+04
3.570785964900462933e-02 2.387528789640945251e+04
3.696912707195026265e-02 2.333116614253930311e+04
3.827494478516311333e-02 2.282197208682249038e+04
3.962688638701478139e-02 2.233749296246027734e+04
4.102658105827192148e-02 2.186526115786981973e+04
4.247571552536898165e-02 2.139197353202472368e+04
4.397603609302719319e-02 2.090394037806184497e+04
4.552935074866947679e-02 2.038842172827039030e+04
4.713753134116724364e-02 1.983458861744205933e+04
4.880251583654431069e-02 1.923489510816937764e+04
5.052631065335679711e-02 1.858616524857409968e+04
5.231099308056260527e-02 1.789062520046720238e+04
5.415871378079470388e-02 1.715637904969848751e+04
5.607169938205457810e-02 1.639683667864952804e+04
5.805225516094898730e-02 1.562973618182111568e+04
6.010276782070381879e-02 1.487575721411241466e+04
6.222570836730228344e-02 1.415536058147770746e+04
6.442363508721370147e-02 1.348730505620837175e+04
6.669919663030121626e-02 1.288548742473772654e+04
6.905513520162327723e-02 1.235713926424573401e+04
7.149428986597576585e-02 1.190274562836627047e+04
7.401959996915641327e-02 1.151452289138355263e+04
7.663410868007454468e-02 1.117886107006355451e+04
7.934096665797492343e-02 1.087687621506754294e+04
8.214343584919425734e-02 1.058861172583623193e+04
8.504489341802677627e-02 1.029517309082690372e+04
8.804883581643460633e-02 9.984786836898474576e+03
9.115888299750818380e-02 9.653446313381333312e+03
9.437878277775381408e-02 9.307771656714237906e+03
9.771241535346496254e-02 8.960753607740756706e+03
1.011637979766207007e-01 8.627662583760342386e+03
1.047370897959449682e-01 8.319694186821392577e+03
1.084365968689609827e-01 8.040237192438857164e+03
1.122667773510813566e-01 7.783889864006182506e+03
1.162322468679851811e-01 7.539703812425415890e+03
1.203377840777589275e-01 7.297371323046862926e+03
1.245883364295008178e-01 7.051858140691116205e+03
1.289890261253308079e-01 6.810524859003318852e+03
1.335451562929898806e-01 6.588711337387263484e+03
1.382622173764654905e-01 6.401306707685925176e+03
1.431458937523478470e-01 6.251002208344377323e+03
1.482020705798858529e-01 6.121450946154407575e+03
1.534368408930011640e-01 5.986972565281162133e+03
1.588565129428052836e-01 5.822344656739554921e+03
1.644676177994662813e-01 5.624248416476993953e+03
1.702769172225899463e-01 5.412310175111107128e+03
1.762914118095947891e-01 5.227572021500109258e+03
1.825183494319042588e-01 5.096064877711638474e+03
1.889652339691209604e-01 5.013019683530710608e+03
1.956398343517062877e-01 4.932320107370118421e+03
2.025501939230666404e-01 4.814635488822043044e+03
2.097046401323232889e-01 4.653779023135622083e+03
2.171117945694503171e-01 4.489831328367539754e+03
2.247805833548725263e-01 4.364867864158824887e+03
2.327202478960407328e-01 4.283601041572708709e+03
2.409403560239524456e-01 4.210112432260732930e+03
2.494508135230316670e-01 4.100679693651914931e+03
2.582618760682675041e-01 3.971768813665865309e+03
2.673841615839946395e-01 3.855485513407320923e+03
2.768286630392063907e-01 3.769942777016750824e+03
2.866067616948250185e-01 3.693055737669629707e+03
2.967302408188869367e-01 3.595769982071094546e+03
3.072112998861756261e-01 3.493189826764531972e+03
3.180625692794118997e-01 3.402296986435848794e+03
3.292971255097147942e-01 3.322134246738811271e+03
3.409285069746810781e-01 3.240547854193420335e+03
3.529707302730650254e-01 3.151951285794495107e+03
3.654383070957254454e-01 3.067917307110313232e+03
3.783462617131929107e-01 2.992807452512614873e+03
3.917101490809256625e-01 2.914158302373248262e+03
4.055460735840827891e-01 2.835655243692449403e+03
4.198707084443910054e-01 2.762446330433301227e+03
4.347013158125022092e-01 2.689631501347756512e+03
4.500557675700497251e-01 2.617962159309437993e+03
4.659525668664677434e-01 2.548540821351013619e+03
4.824108704165368522e-01 2.480562951789531326e+03
4.994505115855140120e-01 2.413857301567053128e+03
5.170920242896754893e-01 2.348821474212322755e+03
5.353566677410723784e-01 2.285573057180646174e+03
5.542664520663102001e-01 2.223968837484203505e+03
5.738441648302392561e-01 2.163886965547875661e+03
5.941133984965033532e-01 2.105314734956112261e+03
6.150985788580497493e-01 2.048263950748140815e+03
6.368249944718585853e-01 1.992744149260096492e+03
6.593188271333542128e-01 1.938746624505197360e+03
6.826071834272385841e-01 1.886253862300036872e+03
7.067181273927490848e-01 1.835248292535296969e+03
7.316807143427191962e-01 1.785712298101498163e+03
7.575250258771912826e-01 1.737623442486491967e+03
7.842822061337682005e-01 1.690950397806590445e+03
8.119844993184008874e-01 1.645660882111927549e+03
8.406652885618325355e-01 1.601722618856584177e+03
8.703591361485156774e-01 1.559103336484622560e+03
9.011018251665018353e-01 1.517770654059130038e+03
9.329304026284686024e-01 1.477682858746809188e+03
9.658832241158697984e-01 1.438782120285787641e+03
1.000000000000000000e+00 1.401009019473067156e+03
