# k [h/Mpc]   P(k) [(Mpc/h)^3]
1.000000000000000021e-03 2.329427521270594298e+03
1.035321843295662538e-03 2.371867090939793798e+03
1.071891319205127554e-03 2.415510990836153269e+03
1.109752496412072130e-03 2.460382955845620927e+03
1.148951000187308554e-03 2.506506384902395439e+03
1.189534067370319513e-03 2.553901991528051440e+03
1.231550603292826162e-03 2.602589233399805380e+03
1.275051240713012809e-03 2.652587570577627048e+03
1.320088400831418048e-03 2.703916473084611880e+03
1.366716356462005988e-03 2.756595421193261700e+03
1.414991297434575876e-03 2.810643900310028584e+03
1.464971398307286267e-03 2.866078997346544384e+03
1.516716888470922469e-03 2.922911616467097701e+03
1.570290124729377445e-03 2.981151689609462210e+03
1.625755666443793376e-03 3.040809157802431855e+03
1.683180353330956556e-03 3.101893971316758780e+03
1.742633386009650835e-03 3.164416089817251759e+03
1.804186409392071833e-03 3.228385101897839832e+03
1.867913599020782755e-03 3.293802501644466702e+03
1.933891750455230159e-03 3.360662031714462955e+03
2.002200371815584384e-03 3.428957128320662832e+03
2.072921779595371904e-03 3.498681232493708649e+03
2.146141197858403554e-03 3.569827789973256131e+03
2.221946860939523916e-03 3.642390251107668973e+03
2.300430119772916854e-03 3.716359006492216395e+03
2.381685551976158062e-03 3.791707010197254931e+03
2.465811075822603882e-03 3.868401052338019326e+03
2.552908068239516468e-03 3.946407910717734467e+03
2.643081486974105387e-03 4.025694357390269488e+03
2.736439997074671757e-03 4.106227158173629505e+03
2.833096101839324091e-03 4.187972973061020639e+03
2.933166278390045463e-03 4.270886464925013570e+03
3.036771118035457451e-03 4.354898999644258765e+03
3.144035471591500111e-03 4.439939246580515828e+03
3.255088599835056357e-03 4.525935851810035274e+03
3.370064329271928172e-03 4.612817437328907545e+03
3.489101213406773684e-03 4.700512600325882886e+03
3.612342699709430310e-03 4.788947896670870250e+03
3.739937302478797687e-03 4.878021600208557174e+03
3.872038781812556923e-03 4.967611130789817253e+03
4.008806328898464194e-03 5.057593376594564688e+03
4.150404757850476717e-03 5.147845177334882464e+03
4.297004704320839599e-03 5.238243323800759754e+03
4.448782831127585241e-03 5.328664557570991747e+03
4.605922041145103958e-03 5.418975371562214605e+03
4.768611697714469390e-03 5.508999318656722608e+03
4.937047852839003374e-03 5.598548611163220812e+03
5.111433483440165799e-03 5.687435387487499611e+03
5.291978735958441891e-03 5.775471713406598610e+03
5.478901179593945181e-03 5.862469583585071632e+03
5.672426068491977225e-03 5.948240385068118485e+03
5.872786613189483196e-03 6.032566699218804388e+03
6.080224261649421272e-03 6.115188425179564547e+03
6.294988990221887619e-03 6.195841928207725687e+03
6.517339604882419792e-03 6.274263491264665390e+03
6.747544053110693212e-03 6.350189321133172598e+03
6.985879746785249485e-03 6.423355555279158580e+03
7.232633896483533706e-03 6.493494213805840445e+03
7.488103857590022727e-03 6.560297749507776643e+03
7.752597488629464108e-03 6.623436277876466193e+03
8.026433522257174491e-03 6.682579613580619480e+03
8.309941949353395751e-03 6.737397534766732861e+03
8.603464416684501043e-03 6.787559798205506013e+03
8.907354638610439843e-03 6.832736154278299182e+03
9.221978823334321326e-03 6.872593480621221715e+03
9.547716114208055702e-03 6.906789683698120825e+03
9.884959046625585791e-03 6.934980968967135595e+03
1.023411402105453213e-02 6.956823613382946860e+03
1.059560179277615859e-02 6.971973988856350843e+03
1.096985797892383561e-02 6.980088586986672453e+03
1.135733358343105071e-02 6.980826259790511358e+03
1.175849554052156402e-02 6.973911247749879294e+03
1.217382727739661427e-02 6.959142285423699832e+03
1.260382929679727468e-02 6.936322361810116490e+03
1.304901978014402254e-02 6.905254696979273831e+03
1.350993521198026563e-02 6.865742759976071284e+03
1.398713102647237971e-02 6.817590287171979980e+03
1.448118227674533715e-02 6.760640473371563530e+03
1.499268432786045671e-02 6.695011242775029132e+03
1.552225357427047120e-02 6.620938080199873184e+03
1.607052818261638441e-02 6.538657079587607768e+03
1.663816886076128349e-02 6.448404479916913260e+03
1.722585965398786695e-02 6.350416644493578133e+03
1.783430876931909465e-02 6.244930724845684381e+03
1.846424942895543569e-02 6.132364665291554047e+03
1.911644075385701691e-02 6.013558640266047405e+03
1.979166867853556291e-02 5.889412742445024378e+03
2.049074689815847186e-02 5.760826680664185915e+03
2.121451784910629787e-02 5.628699731061533384e+03
2.196385372416545870e-02 5.493930697150094602e+03
2.273965752357927361e-02 5.357424951789214902e+03
2.354286414322416532e-02 5.220209398019716900e+03
2.437444150122220626e-02 5.083413333655755196e+03
2.523539170434765944e-02 4.948168599789446489e+03
2.612675225563327805e-02 4.815606359937715752e+03
2.704959730463134260e-02 4.686857126391336351e+03
2.800503894183630979e-02 4.563047160801563223e+03
2.899422853882876669e-02 4.445052809894290476e+03
3.001835813575589110e-02 4.333344641582247277e+03
3.107866187782012263e-02 4.228355924265569229e+03
3.217641750250735400e-02 4.130519861390894221e+03
3.331294787934673679e-02 4.040142836051216364e+03
3.448962260405757929e-02 3.956877023581764206e+03
3.570785964900462933e-02 3.880164357974955692e+03
3.696912707195026265e-02 3.809292655455732074e+03
3.827494478516311333e-02 3.743092578243338266e+03
3.962688638701478139e-02 3.680231135535503199e+03
4.102658105827192148e-02 3.619029081199376378e+03
4.247571552536898165e-02 3.557663283546124148e+03
4.397603609302719319e-02 3.494204645381210867e+03
4.552935074866947679e-02 3.426795857493385483e+03
4.713753134116724364e-02 3.353783385631106739e+03
4.880251583654431069e-02 3.273909930258446821e+03
5.052631065335679711e-02 3.186488392110029054e+03
5.231099308056260527e-02 3.091566453725194606e+03
5.415871378079470388e-02 2.990039908143085540e+03
5.607169938205457810e-02 2.883625540574701972e+03
5.805225516094898730e-02 2.774768034096411611e+03
6.010276782070381879e-02 2.666492883489170708e+03
6.222570836730228344e-02 2.562012068674684087e+03
6.442363508721370147e-02 2.464487600720933642e+03
6.669919663030121626e-02 2.376560855824271584e+03
6.905513520162327723e-02 2.300000587517262829e+03
7.149428986597576585e-02 2.235607541415661217e+03
7.401959996915641327e-02 2.182802160918812206e+03
7.663410868007454468e-02 2.139875336115708706e+03
7.934096665797492343e-02 2.103874044166247586e+03
8.214343584919425734e-02 2.071082743363968802e+03
8.504489341802677627e-02 2.037378671436572631e+03
8.804883581643460633e-02 1.999228512266370444e+03
9.115888299750818380e-02 1.954244415632319942e+03
9.437878277775381408e-02 1.902163493188835673e+03
9.771241535346496254e-02 1.844784073587157309e+03
1.011637979766207007e-01 1.785664444851089229e+03
1.047370897959449682e-01 1.729164611576515199e+03
1.084365968689609827e-01 1.679158584230243378e+03
1.122667773510813566e-01 1.637997965941068742e+03
1.162322468679851811e-01 1.605801481969643191e+03
1.203377840777589275e-01 1.580602404919985474e+03
1.245883364295008178e-01 1.558921568810462304e+03
1.289890261253308079e-01 1.536817957420694938e+03
1.335451562929898806e-01 1.510961250462384214e+03
1.382622173764654905e-01 1.481041609328065306e+03
1.431458937523478470e-01 1.448865096483011939e+03
1.482020705798858529e-01 1.417983389366328993e+03
1.534368408930011640e-01 1.390948458658102027e+03
1.588565129428052836e-01 1.368915698340935478e+03
1.644676177994662813e-01 1.350764778218268930e+03
1.702769172225899463e-01 1.334330297157056521e+03
1.762914118095947891e-01 1.317246825782818632e+03
1.825183494319042588e-01 1.298864967080853603e+03
1.889652339691209604e-01 1.280129644938467436e+03
1.956398343517062877e-01 1.262764817603492247e+03
2.025501939230666404e-01 1.247613692169659089e+03
2.097046401323232889e-01 1.234168004566543459e+03
2.171117945694503171e-01 1.221464789861358440e+03
2.247805833548725263e-01 1.208886002854539356e+03
2.327202478960407328e-01 1.196709991246605341e+03
2.409403560239524456e-01 1.185263491094798610e+03
2.494508135230316670e-01 1.174651700625445983e+03
2.582618760682675041e-01 1.164671828593650162e+03
2.673841615839946395e-01 1.155201929774135806e+03
2.768286630392063907e-01 1.146383315833873894e+03
2.866067616948250185e-01 1.138096584478439127e+03
2.967302408188869367e-01 1.130132983602426066e+03
3.072112998861756261e-01 1.122575585118131130e+03
3.180625692794118997e-01 1.115535163311629049e+03
3.292971255097147942e-01 1.109007478013665377e+03
3.409285069746810781e-01 1.102798127818424518e+03
3.529707302730650254e-01 1.096807778840223818e+03
3.654383070957254454e-01 1.091219348884226292e+03
3.783462617131929107e-01 1.086074067558630304e+03
3.917101490809256625e-01 1.081097603634706957e+03
4.055460735840827891e-01 1.076384567121726832e+03
4.198707084443910054e-01 1.072021549888260097e+03
4.347013158125022092e-01 1.067865060021511908e+03
4.500557675700497251e-01 1.063929833541537846e+03
4.659525668664677434e-01 1.060232841323673256e+03
4.824108704165368522e-01 1.056736825758408031e+03
4.994505115855140120e-01 1.053425633466806403e+03
5.170920242896754893e-01 1.050300219753391048e+03
5.353566677410723784e-01 1.047353181780006480e+03
5.542664520663102001e-01 1.044569861834321728e+03
5.738441648302392561e-01 1.041936910975854062e+03
5.941133984965033532e-01 1.039446047446415605e+03
6.150985788580497493e-01 1.037090038136298517e+03
6.368249944718585853e-01 1.034861690378003686e+03
6.593188271333542128e-01 1.032754105004961730e+03
6.826071834272385841e-01 1.030760512630002722e+03
7.067181273927490848e-01 1.028874144543468446e+03
7.316807143427191962e-01 1.027088241226503897e+03
7.575250258771912826e-01 1.025396709119454044e+03
7.842822061337682005e-01 1.023794561935251863e+03
8.119844993184008874e-01 1.022276918019982986e+03
8.406652885618325355e-01 1.020838895754116265e+03
8.703591361485156774e-01 1.019475613554770689e+03
9.011018251665018353e-01 1.018182197018334364e+03
9.329304026284686024e-01 1.016954189298111373e+03
9.658832241158697984e-01 1.015787774596306122e+03
1.000000000000000000e+00 1.014679191552990574e+03
