# k [h/Mpc]   P(k) [(Mpc/h)^3]
1.000000000000000021e-03 1.157167678140479438e+04
1.035321843295662538e-03 1.190867967198265433e+04
1.071891319205127554e-03 1.225525874621458024e+04
1.109752496412072130e-03 1.261160324811597275e+04
1.148951000187308554e-03 1.297789998479046881e+04
1.189534067370319513e-03 1.335431174072727299e+04
1.231550603292826162e-03 1.374099038861859663e+04
1.275051240713012809e-03 1.413808845841085167e+04
1.320088400831418048e-03 1.454575922501765854e+04
1.366716356462005988e-03 1.496415672928319509e+04
1.414991297434575876e-03 1.539343575504143701e+04
1.464971398307286267e-03 1.583373213088474768e+04
1.516716888470922469e-03 1.628513163359326245e+04
1.570290124729377445e-03 1.674771264988253097e+04
1.625755666443793376e-03 1.722155422655562506e+04
1.683180353330956556e-03 1.770673608096152020e+04
1.742633386009650835e-03 1.820333861158911532e+04
1.804186409392071833e-03 1.871143977915475625e+04
1.867913599020782755e-03 1.923105156054453619e+04
1.933891750455230159e-03 1.976212256349452946e+04
2.002200371815584384e-03 2.030459914762263725e+04
2.072921779595371904e-03 2.085842797256531048e+04
2.146141197858403554e-03 2.142355598751550133e+04
2.221946860939523916e-03 2.199993042085253182e+04
2.300430119772916854e-03 2.258747437473883110e+04
2.381685551976158062e-03 2.318597218606173192e+04
2.465811075822603882e-03 2.379515877101598744e+04
2.552908068239516468e-03 2.441476849208582280e+04
2.643081486974105387e-03 2.504453517380463745e+04
2.736439997074671757e-03 2.568419206343552287e+04
2.833096101839324091e-03 2.633347102102740246e+04
2.933166278390045463e-03 2.699200985497303191e+04
3.036771118035457451e-03 2.765926381882870191e+04
3.144035471591500111e-03 2.833466555603318557e+04
3.255088599835056357e-03 2.901764583026353284e+04
3.370064329271928172e-03 2.970763346351070868e+04
3.489101213406773684e-03 3.040405527849454302e+04
3.612342699709430310e-03 3.110632100829408228e+04
3.739937302478797687e-03 3.181362727787034237e+04
3.872038781812556923e-03 3.252501216718348587e+04
4.008806328898464194e-03 3.323950648326400551e+04
4.150404757850476717e-03 3.395613731895226374e+04
4.297004704320839599e-03 3.467392801815971325e+04
4.448782831127585241e-03 3.539189815389269643e+04
4.605922041145103958e-03 3.610898328513789602e+04
4.768611697714469390e-03 3.682377723067670740e+04
4.937047852839003374e-03 3.753477966093028226e+04
5.111433483440165799e-03 3.824048463121729583e+04
5.291978735958441891e-03 3.893938067235980270e+04
5.478901179593945181e-03 3.962995091116383992e+04
5.672426068491977225e-03 4.031066937282504659e+04
5.872786613189483196e-03 4.097979943207158067e+04
6.080224261649421272e-03 4.163529387477027194e+04
6.294988990221887619e-03 4.227507445666033891e+04
6.517339604882419792e-03 4.289705691423390090e+04
6.747544053110693212e-03 4.349915142113126785e+04
6.985879746785249485e-03 4.407926310200974694e+04
7.232633896483533706e-03 4.463526138313949923e+04
7.488103857590022727e-03 4.516470738588606764e+04
7.752597488629464108e-03 4.566498644649636117e+04
8.026433522257174491e-03 4.613347837162488577e+04
8.309941949353395751e-03 4.656756040406431566e+04
8.603464416684501043e-03 4.696460835208935896e+04
8.907354638610439843e-03 4.732199779698724888e+04
9.221978823334321326e-03 4.763708022488204733e+04
9.547716114208055702e-03 4.790713094624137739e+04
9.884959046625585791e-03 4.812941380272581591e+04
1.023411402105453213e-02 4.830119809589940996e+04
1.059560179277615859e-02 4.841976034695911949e+04
1.096985797892383561e-02 4.848238615190793644e+04
1.135733358343105071e-02 4.848638969962293049e+04
1.175849554052156402e-02 4.842961554962619994e+04
1.217382727739661427e-02 4.831051237712035800e+04
1.260382929679727468e-02 4.812757696552301786e+04
1.304901978014402254e-02 4.787932346243017673e+04
1.350993521198026563e-02 4.756428471611510031e+04
1.398713102647237971e-02 4.718101363526397472e+04
1.448118227674533715e-02 4.672838515202044073e+04
1.499268432786045671e-02 4.620740078771831759e+04
1.552225357427047120e-02 4.561997802815140312e+04
1.607052818261638441e-02 4.496805067334009800e+04
1.663816886076128349e-02 4.425356393393071630e+04
1.722585965398786695e-02 4.347847296331603866e+04
1.783430876931909465e-02 4.264474694716712838e+04
1.846424942895543569e-02 4.175581871347373817e+04
1.911644075385701691e-02 4.081851915488498344e+04
1.979166867853556291e-02 3.984014149157676002e+04
2.049074689815847186e-02 3.882795034777228284e+04
2.121451784910629787e-02 3.778917809244830278e+04
2.196385372416545870e-02 3.673102185827923677e+04
2.273965752357927361e-02 3.566069695369659894e+04
2.354286414322416532e-02 3.458633922417597205e+04
2.437444150122220626e-02 3.351684651460364694e+04
2.523539170434765944e-02 3.246108931931753614e+04
2.612675225563327805e-02 3.142788620357442778e+04
2.704959730463134260e-02 3.042600583140161689e+04
2.800503894183630979e-02 2.946414045071268993e+04
2.899422853882876669e-02 2.854891219935715708e+04
3.001835813575589110e-02 2.768362189017517812e+04
3.107866187782012263e-02 2.687125919794204310e+04
3.217641750250735400e-02 2.611480836236968389e+04
3.331294787934673679e-02 2.541627443444980236e+04
3.448962260405757929e-02 2.477263153446577417e+04
3.570785964900462933e-02 2.417925745268671017e+04
3.696912707195026265e-02 2.363034946053386375e+04
3.827494478516311333e-02 2.311656094240142920e+04
3.962688638701478139e-02 2.262739184847453362e+04
4.102658105827192148e-02 2.215007747391818702e+04
4.247571552536898165e-02 2.167123208183844690e+04
4.397603609302719319e-02 2.117746594476507016e+04
4.552935074866947679e-02 2.065587963810349174e+04
4.713753134116724364e-02 2.009519500073120435e+04
4.880251583654431069e-02 1.948768016475761760e+04
5.052631065335679711e-02 1.883063741858174762e+04
5.231099308056260527e-02 1.812615973444773772e+04
5.415871378079470388e-02 1.738235962590236522e+04
5.607169938205457810e-02 1.661344672687592538e+04
5.805225516094898730e-02 1.583763995025012082e+04
6.010276782070381879e-02 1.507540166652132029e+04
6.222570836730228344e-02 1.434725104271422788e+04
6.442363508721370147e-02 1.367217972016909152e+04
6.669919663030121626e-02 1.306434727819708132e+04
6.905513520162327723e-02 1.253099529355517370e+04
7.149428986597576585e-02 1.207226966354230717e+04
7.401959996915641327e-02 1.168003598740217603e+04
7.663410868007454468e-02 1.134044922872882307e+04
7.934096665797492343e-02 1.103461050252460882e+04
8.214343584919425734e-02 1.074229728995956793e+04
8.504489341802677627e-02 1.044441415256497930e+04
8.804883581643460633e-02 1.012939236459629865e+04
9.115888299750818380e-02 9.793541927592532375e+03
9.437878277775381408e-02 9.443763459001775118e+03
9.771241535346496254e-02 9.093370425037268433e+03
1.011637979766207007e-01 8.757728898451012356e+03
1.047370897959449682e-01 8.447810442566762504e+03
1.084365968689609827e-01 8.166491874011871914e+03
1.122667773510813566e-01 7.907910235052971075e+03
1.162322468679851811e-01 7.660716194125218863e+03
1.203377840777589275e-01 7.414543151917583600e+03
1.245883364295008178e-01 7.164663731972034839e+03
1.289890261253308079e-01 6.919210222788979991e+03
1.335451562929898806e-01 6.694464307007402567e+03
1.382622173764654905e-01 6.505706675969165190e+03
1.431458937523478470e-01 6.355388910219252466e+03
1.482020705798858529e-01 6.225828773272973194e+03
1.534368408930011640e-01 6.090365530420007417e+03
1.588565129428052836e-01 5.923236269968805573e+03
1.644676177994662813e-01 5.721305164137538668e+03
1.702769172225899463e-01 5.505324855145859146e+03
1.762914118095947891e-01 5.317914537206374007e+03
1.825183494319042588e-01 5.185672286947905377e+03
1.889652339691209604e-01 5.102809476381929016e+03
1.956398343517062877e-01 5.021488300849741790e+03
2.025501939230666404e-01 4.901610633881875401e+03
2.097046401323232889e-01 4.737419322143327008e+03
2.171117945694503171e-01 4.570682176906749191e+03
2.247805833548725263e-01 4.444348656263160592e+03
2.327202478960407328e-01 4.362476944490183087e+03
2.409403560239524456e-01 4.287963036230239595e+03
2.494508135230316670e-01 4.176046456553851385e+03
2.582618760682675041e-01 4.044480939420592676e+03
2.673841615839946395e-01 3.926281390381180699e+03
2.768286630392063907e-01 3.839525371926365096e+03
2.866067616948250185e-01 3.761403871019597318e+03
2.967302408188869367e-01 3.662072038391709157e+03
3.072112998861756261e-01 3.557499508932143272e+03
3.180625692794118997e-01 3.464892623571134209e+03
3.292971255097147942e-01 3.383048724138023317e+03
3.409285069746810781e-01 3.299562647532438405e+03
3.529707302730650254e-01 3.209174947383943163e+03
3.654383070957254454e-01 3.123369267115558614e+03
3.783462617131929107e-01 3.046665420819811061e+03
3.917101490809256625e-01 2.966163197705849143e+03
4.055460735840827891e-01 2.885921128456352562e+03
4.198707084443910054e-01 2.810939970328263371e+03
4.347013158125022092e-01 2.736422157116920062e+03
4.500557675700497251e-01 2.663116341560273213e+03
4.659525668664677434e-01 2.592005654679339841e+03
4.824108704165368522e-01 2.522331023799747982e+03
4.994505115855140120e-01 2.453969971786539645e+03
5.170920242896754893e-01 2.387318479616518744e+03
5.353566677410723784e-01 2.322478853503455412e+03
5.542664520663102001e-01 2.259300025002530674e+03
5.738441648302392561e-01 2.197658796802555116e+03
5.941133984965033532e-01 2.137549735309331481e+03
6.150985788580497493e-01 2.078991766445014946e+03
6.368249944718585853e-01 2.022000391954336237e+03
6.593188271333542128e-01 1.966566254214946639e+03
6.826071834272385841e-01 1.912669007971086558e+03
7.067181273927490848e-01 1.860288261044563569e+03
7.316807143427191962e-01 1.809403572764954333e+03
7.575250258771912826e-01 1.759990879889907546e+03
7.842822061337682005e-01 1.712020098123409753e+03
8.119844993184008874e-01 1.665460579579012574e+03
8.406652885618325355e-01 1.620281681527765841e+03
8.703591361485156774e-01 1.576452765977101990e+03
9.011018251665018353e-01 1.533943003354214625e+03
9.329304026284686024e-01 1.492710109641154304e+03
9.658832241158697984e-01 1.452694217809864085e+03
1.000000000000000000e+00 1.413833979328682290e+03
