# k [h/Mpc]   P(k) [(Mpc/h)^3]
1.000000000000000021e-03 8.062677934285192350e+03
1.035321843295662538e-03 8.287843516767612527e+03
1.071891319205127554e-03 8.519406407003125423e+03
1.109752496412072130e-03 8.757492545857923687e+03
1.148951000187308554e-03 9.002226161490747472e+03
1.189534067370319513e-03 9.253716135449720241e+03
1.231550603292826162e-03 9.512064291576292817e+03
1.275051240713012809e-03 9.777372701435049748e+03
1.320088400831418048e-03 1.004974373500716683e+04
1.366716356462005988e-03 1.032928006914099205e+04
1.414991297434575876e-03 1.061608466716286785e+04
1.464971398307286267e-03 1.091024788376827200e+04
1.516716888470922469e-03 1.121182713349335609e+04
1.570290124729377445e-03 1.152087483168457584e+04
1.625755666443793376e-03 1.183744366243645527e+04
1.683180353330956556e-03 1.216158658302460208e+04
1.742633386009650835e-03 1.249335682837018976e+04
1.804186409392071833e-03 1.283280584163466301e+04
1.867913599020782755e-03 1.317994117704399832e+04
1.933891750455230159e-03 1.353472829601941885e+04
2.002200371815584384e-03 1.389713109932462248e+04
2.072921779595371904e-03 1.426711361937718902e+04
2.146141197858403554e-03 1.464464001652753905e+04
2.221946860939523916e-03 1.502967457535772337e+04
2.300430119772916854e-03 1.542216532624362844e+04
2.381685551976158062e-03 1.582196715270076129e+04
2.465811075822603882e-03 1.622890188557646798e+04
2.552908068239516468e-03 1.664279113757354571e+04
2.643081486974105387e-03 1.706345632538673817e+04
2.736439997074671757e-03 1.749071865456339583e+04
2.833096101839324091e-03 1.792439858983832528e+04
2.933166278390045463e-03 1.836425405260394473e+04
3.036771118035457451e-03 1.880992153017073360e+04
3.144035471591500111e-03 1.926102293070813539e+04
3.255088599835056357e-03 1.971717944043352691e+04
3.370064329271928172e-03 2.017801149950669060e+04
3.489101213406773684e-03 2.064313877958507874e+04
3.612342699709430310e-03 2.111216940096509643e+04
3.739937302478797687e-03 2.158455973295047806e+04
3.872038781812556923e-03 2.205965372170933915e+04
4.008806328898464194e-03 2.253679126217925659e+04
4.150404757850476717e-03 2.301531076086133544e+04
4.297004704320839599e-03 2.349454912185861394e+04
4.448782831127585241e-03 2.397384173811116852e+04
4.605922041145103958e-03 2.445247055272183206e+04
4.768611697714469390e-03 2.492949739754564871e+04
4.937047852839003374e-03 2.540392454882370657e+04
5.111433483440165799e-03 2.587475206365943814e+04
5.291978735958441891e-03 2.634097781579258299e+04
5.478901179593945181e-03 2.680159754285468443e+04
5.672426068491977225e-03 2.725560213875211412e+04
5.872786613189483196e-03 2.770183276076137918e+04
6.080224261649421272e-03 2.813890922398443581e+04
6.294988990221887619e-03 2.856543104162273812e+04
6.517339604882419792e-03 2.897999528406619720e+04
6.747544053110693212e-03 2.938119676163634358e+04
6.985879746785249485e-03 2.976762823037865383e+04
7.232633896483533706e-03 3.013785963855782757e+04
7.488103857590022727e-03 3.049025482897540860e+04
7.752597488629464108e-03 3.082306063628280026e+04
8.026433522257174491e-03 3.113452112327900613e+04
8.309941949353395751e-03 3.142287929263224942e+04
8.603464416684501043e-03 3.168637753963767318e+04
8.907354638610439843e-03 3.192325813393249700e+04
9.221978823334321326e-03 3.213174827620838551e+04
9.547716114208055702e-03 3.231002782419982759e+04
9.884959046625585791e-03 3.245626875216234839e+04
1.023411402105453213e-02 3.256864519988478060e+04
1.059560179277615859e-02 3.264533417763607940e+04
1.096985797892383561e-02 3.268451630977989771e+04
1.135733358343105071e-02 3.268438862585069728e+04
1.175849554052156402e-02 3.264350698471215219e+04
1.217382727739661427e-02 3.256083601046362310e+04
1.260382929679727468e-02 3.243536866122513311e+04
1.304901978014402254e-02 3.226610484145192095e+04
1.350993521198026563e-02 3.205205193673568647e+04
1.398713102647237971e-02 3.179222535938697547e+04
1.448118227674533715e-02 3.148585417391986266e+04
1.499268432786045671e-02 3.113361247275993810e+04
1.552225357427047120e-02 3.073679485434040907e+04
1.607052818261638441e-02 3.029670332817118469e+04
1.663816886076128349e-02 2.981464437704224838e+04
1.722585965398786695e-02 2.929192835350617315e+04
1.783430876931909465e-02 2.872987254561754526e+04
1.846424942895543569e-02 2.813076139712800068e+04
1.911644075385701691e-02 2.749913082744750864e+04
1.979166867853556291e-02 2.683982890779311492e+04
2.049074689815847186e-02 2.615769223308247820e+04
2.121451784910629787e-02 2.545754445716329792e+04
2.196385372416545870e-02 2.474419509742606533e+04
2.273965752357927361e-02 2.402247424614003830e+04
2.354286414322416532e-02 2.329781062795360776e+04
2.437444150122220626e-02 2.257613240497652805e+04
2.523539170434765944e-02 2.186336308665429897e+04
2.612675225563327805e-02 2.116540559364827641e+04
2.704959730463134260e-02 2.048814306017292620e+04
2.800503894183630979e-02 1.983742016841203804e+04
2.899422853882876669e-02 1.921770228465436230e+04
3.001835813575589110e-02 1.863122977069421177e+04
3.107866187782012263e-02 1.808003642554089674e+04
3.217641750250735400e-02 1.756615398639649720e+04
3.331294787934673679e-02 1.709096126108842145e+04
3.448962260405757929e-02 1.665247603589823848e+04
3.570785964900462933e-02 1.624764347364084460e+04
3.696912707195026265e-02 1.587263244867399771e+04
3.827494478516311333e-02 1.552129363293883762e+04
3.962688638701478139e-02 1.518667231915987941e+04
4.102658105827192148e-02 1.486013544149431800e+04
4.247571552536898165e-02 1.453256875453508110e+04
4.397603609302719319e-02 1.419481855505014937e+04
4.552935074866947679e-02 1.383810477612762588e+04
4.713753134116724364e-02 1.345473169407791647e+04
4.880251583654431069e-02 1.303928312874804215e+04
5.052631065335679711e-02 1.258961983560018234e+04
5.231099308056260527e-02 1.210692558217940314e+04
5.415871378079470388e-02 1.159644339292058248e+04
5.607169938205457810e-02 1.106750641490183807e+04
5.805225516094898730e-02 1.053246601955752885e+04
6.010276782070381879e-02 1.000556831524984045e+04
6.222570836730228344e-02 9.501054884254645003e+03
6.442363508721370147e-02 9.032389028543277163e+03
6.669919663030121626e-02 8.610228955610607954e+03
6.905513520162327723e-02 8.240431050434828649e+03
7.149428986597576585e-02 7.923890442788105247e+03
7.401959996915641327e-02 7.655663206023044950e+03
7.663410868007454468e-02 7.426610664937835281e+03
7.934096665797492343e-02 7.223598579955410969e+03
8.214343584919425734e-02 7.031691181031387714e+03
8.504489341802677627e-02 6.835963470776971008e+03
8.804883581643460633e-02 6.626238298775203475e+03
9.115888299750818380e-02 6.397725621249396681e+03
9.437878277775381408e-02 6.153572369113021523e+03
9.771241535346496254e-02 5.902831441738017929e+03
1.011637979766207007e-01 5.657827261917726901e+03
1.047370897959449682e-01 5.429622887474066374e+03
1.084365968689609827e-01 5.224554308189553922e+03
1.122667773510813566e-01 5.042598713750260686e+03
1.162322468679851811e-01 4.878119364095572564e+03
1.203377840777589275e-01 4.723284742742198432e+03
1.245883364295008178e-01 4.571132175717980317e+03
1.289890261253308079e-01 4.420771881366956222e+03
1.335451562929898806e-01 4.276327913456589158e+03
1.382622173764654905e-01 4.145237214464545104e+03
1.431458937523478470e-01 4.031062628287807456e+03
1.482020705798858529e-01 3.929307367992781565e+03
1.534368408930011640e-01 3.829754926782552047e+03
1.588565129428052836e-01 3.720826724833380922e+03
1.644676177994662813e-01 3.599181476964060494e+03
1.702769172225899463e-01 3.472524623742757740e+03
1.762914118095947891e-01 3.359865259796833925e+03
1.825183494319042588e-01 3.274205699927460955e+03
1.889652339691209604e-01 3.213769177172393029e+03
1.956398343517062877e-01 3.155780066757230998e+03
2.025501939230666404e-01 3.080443568635851989e+03
2.097046401323232889e-01 2.984251203476354021e+03
2.171117945694503171e-01 2.887985624104829185e+03
2.247805833548725263e-01 2.813407605179831990e+03
2.327202478960407328e-01 2.762941406147544967e+03
2.409403560239524456e-01 2.716976126245188425e+03
2.494508135230316670e-01 2.651590801795121934e+03
2.582618760682675041e-01 2.576639844865736450e+03
2.673841615839946395e-01 2.510057168099723640e+03
2.768286630392063907e-01 2.461469100626074578e+03
2.866067616948250185e-01 2.417839854343336356e+03
2.967302408188869367e-01 2.362496290694855816e+03
3.072112998861756261e-01 2.304908742111695119e+03
3.180625692794118997e-01 2.254882080045272232e+03
3.292971255097147942e-01 2.211392687457214834e+03
3.409285069746810781e-01 2.166951415783976699e+03
3.529707302730650254e-01 2.118629149199996391e+03
3.654383070957254454e-01 2.073530208622906684e+03
3.783462617131929107e-01 2.034217250229505680e+03
3.917101490809256625e-01 1.992366620074007642e+03
4.055460735840827891e-01 1.950865870884459582e+03
4.198707084443910054e-01 1.912948087652795948e+03
4.347013158125022092e-01 1.875193222281956423e+03
4.500557675700497251e-01 1.838161699188151033e+03
4.659525668664677434e-01 1.802566010390903557e+03
4.824108704165368522e-01 1.767853544160882848e+03
4.994505115855140120e-01 1.733910855385487139e+03
5.170920242896754893e-01 1.700985537955520158e+03
5.353566677410723784e-01 1.669128357962490554e+03
5.542664520663102001e-01 1.638219994621230853e+03
5.738441648302392561e-01 1.608162229350366943e+03
5.941133984965033532e-01 1.578943861222287524e+03
6.150985788580497493e-01 1.550571694474285096e+03
6.368249944718585853e-01 1.523050070447265625e+03
6.593188271333542128e-01 1.496365413967069344e+03
6.826071834272385841e-01 1.470496229913618208e+03
7.067181273927490848e-01 1.445420989739318657e+03
7.316807143427191962e-01 1.421118178664459265e+03
7.575250258771912826e-01 1.397567189212136100e+03
7.842822061337682005e-01 1.374748921794472835e+03
8.119844993184008874e-01 1.352644420530791194e+03
8.406652885618325355e-01 1.331234730771258683e+03
8.703591361485156774e-01 1.310500899000070376e+03
9.011018251665018353e-01 1.290423892501994487e+03
9.329304026284686024e-01 1.270979990063481182e+03
9.658832241158697984e-01 1.252138272819522399e+03
1.000000000000000000e+00 1.233867212954736942e+03
