# k [h/Mpc]    P(k) [(Mpc/h)^3]
1.000000000000000021e-03 1.796296197681815556e+03
1.027459485446180097e-03 1.840933356830659477e+03
1.055672994233329033e-03 1.886555306207925696e+03
1.084661231454404472e-03 1.933176452652995522e+03
1.114445470753562583e-03 1.980811070251216279e+03
1.145047569938281197e-03 2.029473165688826157e+03
1.176489987020186466e-03 2.079175746932437505e+03
1.208795796696343801e-03 2.129931184071437201e+03
1.241988707283130794e-03 2.181751499812400198e+03
1.276093078115091931e-03 2.234648341429770426e+03
1.311133937421564335e-03 2.288632950675229949e+03
1.347137000694184497e-03 2.343716132820425173e+03
1.384128689558757194e-03 2.399908224844581127e+03
1.422136151165336168e-03 2.457219056123247810e+03
1.461187278110747181e-03 2.515657472923438036e+03
1.501310728908172810e-03 2.575230974765089741e+03
1.542535949018822338e-03 2.635946275241732110e+03
1.584893192461114082e-03 2.697809322143327336e+03
1.628413544013250025e-03 2.760825255183041463e+03
1.673128942025444267e-03 2.824998362984370033e+03
1.719072201858574652e-03 2.890332039378509307e+03
1.766277039966442823e-03 2.956828739066456365e+03
1.814778098639323453e-03 3.024489811629407086e+03
1.864610971426956289e-03 3.093314710035806911e+03
1.915812229259642330e-03 3.163301352996708829e+03
1.968419447286611293e-03 3.234446410372669106e+03
2.022471232451355985e-03 3.306745252864348458e+03
2.078007251824171529e-03 3.380191900318529406e+03
2.135068261712696168e-03 3.454778969988166864e+03
2.193696137571797024e-03 3.530497624862623979e+03
2.253933904734791056e-03 3.607337508684487148e+03
2.315825769988507938e-03 3.685285800136050057e+03
2.379417154015395913e-03 3.764326506790514031e+03
2.444754724726473216e-03 3.844441634049697768e+03
2.511886431509579437e-03 3.925611253879135802e+03
2.580861540418074272e-03 4.007813449481780481e+03
2.651730670325789813e-03 4.091024261360940272e+03
2.724545830074793281e-03 4.175217634986193843e+03
2.799360456643182338e-03 4.260365370283176162e+03
2.876229454360987748e-03 4.346436730557250485e+03
2.955209235202887856e-03 4.433396295387043210e+03
3.036357760187358319e-03 4.521205099824348508e+03
3.119734581912619095e-03 4.609821544256528796e+03
3.205400888260593294e-03 4.699201353747522262e+03
3.293419547300957713e-03 4.789297537960953377e+03
3.383855153428233075e-03 4.880060355489060385e+03
3.476774074765777087e-03 4.971437282928923196e+03
3.572244501871464119e-03 5.063372950599574324e+03
3.670336497780800258e-03 5.155806584151930110e+03
3.771122049424195655e-03 5.248670179995018771e+03
3.874675120456132216e-03 5.341892010445364576e+03
3.981071705534973415e-03 5.435396975658024530e+03
4.090389886093310536e-03 5.529106606731611464e+03
4.202709887639691569e-03 5.622939078170994435e+03
4.318114138633850560e-03 5.716809230181703242e+03
4.436687330978611628e-03 5.810628601257050832e+03
4.558516482172869644e-03 5.904304561544798162e+03
4.683690999171267327e-03 5.997734829004411040e+03
4.812302743997420168e-03 6.090810787570037974e+03
4.944446101158830355e-03 6.183420136488794014e+03
5.080218046913023006e-03 6.275447000846767878e+03
5.219718220435652298e-03 6.366772049275778954e+03
5.363048996942865534e-03 6.457272628597055700e+03
5.510315562821568869e-03 6.546822915809319056e+03
5.661625992822727667e-03 6.635293966826523501e+03
5.817091329374357578e-03 6.722545964211820319e+03
5.976825664072413224e-03 6.808422995120740779e+03
6.140946221409365226e-03 6.892764526431121340e+03
6.309573444801930275e-03 6.975406834477630582e+03
6.482831084981073057e-03 7.056183332712523224e+03
6.660846290809154316e-03 7.134924928037414247e+03
6.843749702590877504e-03 7.211460405754936801e+03
7.031675547946470567e-03 7.285616842916729183e+03
7.224761740317567349e-03 7.357217627861430628e+03
7.423149980177935758e-03 7.426068359885629434e+03
7.626985859023443712e-03 7.491966449408921108e+03
7.836418966217518697e-03 7.554708658043534342e+03
8.051602998770538214e-03 7.614091792330338649e+03
8.272695874133697766e-03 7.669913408858246839e+03
8.499859846090154769e-03 7.721972553741039519e+03
8.733261623828437667e-03 7.770070534162749027e+03
8.973072494285637066e-03 7.814011473565609776e+03
9.219468447849992962e-03 7.853587143214049320e+03
9.472630307515245152e-03 7.888567628296000294e+03
9.732743861581504355e-03 7.918725669395824298e+03
1.000000000000000021e-02 7.943840149568942252e+03
1.027459485446180140e-02 7.963697297965632060e+03
1.055672994233329033e-02 7.978091918862927741e+03
1.084661231454404559e-02 7.986828638837918334e+03
1.114445470753563060e-02 7.989723164170803102e+03
1.145047569938281717e-02 7.986601122579231742e+03
1.176489987020185903e-02 7.977285050176231380e+03
1.208795796696343280e-02 7.961605429594914312e+03
1.241988707283130100e-02 7.939409146796879213e+03
1.276093078115091844e-02 7.910560906437141057e+03
1.311133937421564422e-02 7.874944580001474606e+03
1.347137000694184628e-02 7.832464498545441529e+03
1.384128689558757237e-02 7.783046676468436090e+03
1.422136151165336211e-02 7.726640359662208539e+03
1.461187278110747875e-02 7.663245187520512445e+03
1.501310728908173547e-02 7.592926743352413723e+03
1.542535949018821427e-02 7.515777026569363443e+03
1.584893192461113431e-02 7.431910592348992395e+03
1.628413544013249115e-02 7.341464449704031722e+03
1.673128942025444224e-02 7.244597830032166712e+03
1.719072201858574608e-02 7.141491824188525243e+03
1.766277039966442780e-02 7.032348887171345268e+03
1.814778098639323323e-02 6.917422422127108803e+03
1.864610971426956115e-02 6.797188830268510173e+03
1.915812229259642244e-02 6.672211179085314143e+03
1.968419447286612334e-02 6.543045248350218571e+03
2.022471232451356765e-02 6.410236262609450023e+03
2.078007251824172744e-02 6.274316227671440174e+03
2.135068261712695301e-02 6.135801557494468398e+03
2.193696137571795809e-02 5.995190991843903248e+03
2.253933904734791230e-02 5.852967371502732931e+03
2.315825769988507851e-02 5.709791068126656683e+03
2.379417154015396260e-02 5.566574826838415902e+03
2.444754724726472955e-02 5.424181625158750649e+03
2.511886431509579437e-02 5.283398266517840057e+03
2.580861540418074099e-02 5.144936829344592297e+03
2.651730670325791461e-02 5.009437150929612471e+03
2.724545830074791633e-02 4.877470178169844985e+03
2.799360456643180950e-02 4.749542206411092593e+03
2.876229454360986273e-02 4.626109409188065001e+03
2.955209235202886295e-02 4.507586829434001629e+03
3.036357760187358493e-02 4.394338538975663141e+03
3.119734581912619181e-02 4.286682199041592867e+03
3.205400888260593467e-02 4.184895176858223749e+03
3.293419547300957539e-02 4.089184407471737813e+03
3.383855153428233509e-02 3.999381178170520343e+03
3.476774074765778821e-02 3.915131479407855295e+03
3.572244501871466027e-02 3.836105537825314514e+03
3.670336497780802426e-02 3.761864560461741803e+03
3.771122049424197736e-02 3.691626225152813277e+03
3.874675120456130134e-02 3.624593925905998276e+03
3.981071705534973415e-02 3.559834573337715483e+03
4.090389886093310362e-02 3.496225878414391900e+03
4.202709887639691222e-02 3.432635215493829492e+03
4.318114138633850907e-02 3.367815527491149624e+03
4.436687330978611454e-02 3.300556349493161633e+03
4.558516482172869644e-02 3.229678803934401458e+03
4.683690999171270103e-02 3.154143863185888222e+03
4.812302743997418086e-02 3.073105077635525959e+03
4.944446101158827406e-02 2.985993626906245026e+03
5.080218046913020230e-02 2.892551887636766878e+03
5.219718220435649175e-02 2.792935891444895788e+03
5.363048996942865881e-02 2.687713931307259372e+03
5.510315562821568869e-02 2.577864296363382437e+03
5.661625992822727493e-02 2.464784304266931485e+03
5.817091329374357578e-02 2.350210574091734543e+03
5.976825664072413224e-02 2.236114149358782015e+03
6.140946221409365052e-02 2.124591909488388410e+03
6.309573444801933051e-02 2.017734951373345893e+03
6.482831084981076353e-02 1.917456595800519153e+03
6.660846290809158132e-02 1.825361164375566887e+03
6.843749702590873341e-02 1.742629429982687270e+03
7.031675547946467097e-02 1.669894053457565406e+03
7.224761740317567349e-02 1.607176300483179602e+03
7.423149980177935758e-02 1.553859880515542045e+03
7.626985859023444059e-02 1.508691775616993709e+03
7.836418966217519044e-02 1.469818075816602914e+03
8.051602998770537867e-02 1.434894255725492940e+03
8.272695874133702276e-02 1.401270160685043265e+03
8.499859846090150606e-02 1.366248686663092030e+03
8.733261623828432463e-02 1.327411560105137141e+03
8.973072494285633249e-02 1.282973724007639248e+03
9.219468447849987758e-02 1.232106858633182810e+03
9.472630307515245152e-02 1.175131765112965923e+03
9.732743861581504008e-02 1.113512988994941452e+03
1.000000000000000056e-01 1.049645332380695663e+03
1.027459485446180071e-01 9.864657057737420018e+02
1.055672994233329137e-01 9.269636552570150343e+02
1.084661231454404490e-01 8.736604795257073874e+02
1.114445470753562539e-01 8.281636476098844923e+02
1.145047569938281162e-01 7.909104799041211891e+02
1.176489987020185313e-01 7.610793702596752155e+02
1.208795796696343905e-01 7.367319916667534017e+02
1.241988707283130794e-01 7.152655600865143697e+02
1.276093078115091983e-01 6.937106122542032836e+02
1.311133937421564422e-01 6.693475224426426848e+02
1.347137000694184628e-01 6.406068893560665174e+02
1.384128689558757064e-01 6.076404709119680092e+02
1.422136151165336038e-01 5.721407550794241388e+02
1.461187278110747112e-01 5.366911300752167335e+02
1.501310728908172853e-01 5.038486367939997308e+02
1.542535949018820629e-01 4.754404556142130787e+02
1.584893192461114264e-01 4.521478085192183016e+02
1.628413544013249947e-01 4.333350281017218890e+02
1.673128942025444155e-01 4.171636102086621349e+02
1.719072201858574678e-01 4.013051711086264959e+02
1.766277039966442919e-01 3.839362243839862003e+02
1.814778098639323323e-01 3.644015867644613991e+02
1.864610971426956254e-01 3.433926067391577703e+02
1.915812229259642452e-01 3.225892217381696128e+02
1.968419447286611224e-01 3.038058860678210067e+02
2.022471232451355794e-01 2.878892343166343153e+02
2.078007251824171564e-01 2.744653696030401875e+02
2.135068261712696203e-01 2.623305302911084596e+02
2.193696137571796989e-01 2.501355833297784272e+02
2.253933904734791160e-01 2.371261693783868623e+02
2.315825769988507921e-01 2.236493635108405726e+02
2.379417154015396052e-01 2.106402267857090465e+02
2.444754724726473094e-01 1.989243261850978399e+02
2.511886431509579576e-01 1.886850787456149021e+02
2.580861540418074029e-01 1.793294589812527136e+02
2.651730670325789796e-01 1.701434531301547111e+02
2.724545830074790453e-01 1.608554449859095996e+02
2.799360456643182338e-01 1.517125062532579420e+02
2.876229454360987869e-01 1.431701171995692903e+02
2.955209235202888030e-01 1.353927239006855814e+02
3.036357760187358701e-01 1.281943516455351357e+02
3.119734581912619320e-01 1.212806272224539299e+02
3.205400888260593328e-01 1.144923923182329588e+02
3.293419547300957539e-01 1.079893994998269875e+02
3.383855153428233509e-01 1.019290262639391500e+02
3.476774074765777156e-01 9.631227988312183186e+01
3.572244501871464362e-01 9.094545630854847218e+01
3.670336497780800622e-01 8.579190264896126905e+01
3.771122049424199818e-01 8.089823468514163096e+01
3.874675120456131938e-01 7.630612959757546321e+01
3.981071705534973137e-01 7.198456902448198491e+01
4.090389886093310223e-01 6.786686482857774649e+01
4.202709887639691777e-01 6.395919321026001114e+01
4.318114138633850629e-01 6.027933209003285953e+01
4.436687330978611454e-01 5.680560537191505688e+01
4.558516482172869644e-01 5.351436826938329006e+01
4.683690999171267744e-01 5.040021820448807688e+01
4.812302743997415866e-01 4.746075567460430733e+01
4.944446101158824769e-01 4.468742864706358375e+01
5.080218046913023144e-01 4.206906570688292391e+01
5.219718220435651812e-01 3.959592251905970528e+01
5.363048996942866298e-01 3.726064510750262571e+01
5.510315562821569424e-01 3.505652682807837550e+01
5.661625992822727493e-01 3.297704853674912329e+01
5.817091329374357578e-01 3.101567139205316792e+01
5.976825664072412669e-01 2.916605726618725214e+01
6.140946221409364636e-01 2.742218262187165578e+01
6.309573444801930275e-01 2.577832525639934147e+01
6.482831084981072189e-01 2.422905435544900854e+01
6.660846290809153691e-01 2.276921515889704040e+01
6.843749702590877781e-01 2.139391357508251446e+01
7.031675547946470983e-01 2.009850434404905073e+01
7.224761740317566794e-01 1.887857969564248606e+01
7.423149980177935481e-01 1.772995880233089494e+01
7.626985859023444059e-01 1.664867882473588878e+01
7.836418966217518767e-01 1.563098302681224006e+01
8.051602998770538422e-01 1.467331033014361807e+01
8.272695874133697558e-01 1.377228610798452380e+01
8.499859846090145332e-01 1.292471334503823499e+01
8.733261623828428855e-01 1.212756415220426121e+01
8.973072494285637690e-01 1.137797162229129633e+01
9.219468447849992199e-01 1.067322136984165937e+01
9.472630307515245152e-01 1.001074356798059561e+01
9.732743861581504285e-01 9.388107238151357947e+00
1.000000000000000000e+00 8.803013515746590301e+00
