# k [h/Mpc]    P(k) [(Mpc/h)^3]
1.000000000000000021e-03 3.154714185239899052e+03
1.027459485446180097e-03 3.233156128002653531e+03
1.055672994233329033e-03 3.313331723954165682e+03
1.084661231454404472e-03 3.395266111714352519e+03
1.114445470753562583e-03 3.478984167330522723e+03
1.145047569938281197e-03 3.564510267420757373e+03
1.176489987020186466e-03 3.651867011951687800e+03
1.208795796696343801e-03 3.741075850995675864e+03
1.241988707283130794e-03 3.832157588837840649e+03
1.276093078115091931e-03 3.925132332682764627e+03
1.311133937421564335e-03 4.020019437743912476e+03
1.347137000694184497e-03 4.116837450766536676e+03
1.384128689558757194e-03 4.215604052006975508e+03
1.422136151165336168e-03 4.316335987030987781e+03
1.461187278110747181e-03 4.419048430352923788e+03
1.501310728908172810e-03 4.523754494241434259e+03
1.542535949018822338e-03 4.630465940423895518e+03
1.584893192461114082e-03 4.739193187693910659e+03
1.628413544013250025e-03 4.849945237961960629e+03
1.673128942025444267e-03 4.962729601019593247e+03
1.719072201858574652e-03 5.077552218104399799e+03
1.766277039966442823e-03 5.194417384361003315e+03
1.814778098639323453e-03 5.313327440738036785e+03
1.864610971426956289e-03 5.434281279968542549e+03
1.915812229259642330e-03 5.557275040334085134e+03
1.968419447286611293e-03 5.682302653635612842e+03
2.022471232451355985e-03 5.809355756695713353e+03
2.078007251824171529e-03 5.938423600274105411e+03
2.135068261712696168e-03 6.069492957920768276e+03
2.193696137571797024e-03 6.202548034973228823e+03
2.253933904734791056e-03 6.337570355373766688e+03
2.315825769988507938e-03 6.474537178459092502e+03
2.379417154015395913e-03 6.613420315952855162e+03
2.444754724726473216e-03 6.754188078353678065e+03
2.511886431509579437e-03 6.896805385245495017e+03
2.580861540418074272e-03 7.041233668671043233e+03
2.651730670325789813e-03 7.187430778956510039e+03
2.724545830074793281e-03 7.335350893361046474e+03
2.799360456643182338e-03 7.484944427937850378e+03
2.876229454360987748e-03 7.636157328330322343e+03
2.955209235202887856e-03 7.788927158762314320e+03
3.036357760187358319e-03 7.943185182605952832e+03
3.119734581912619095e-03 8.098858024632327215e+03
3.205400888260593294e-03 8.255867600029832829e+03
3.293419547300957713e-03 8.414131044261530405e+03
3.383855153428233075e-03 8.573560650712133793e+03
3.476774074765777087e-03 8.734063816727479207e+03
3.572244501871464119e-03 8.895542936180090692e+03
3.670336497780800258e-03 9.057891240537936028e+03
3.771122049424195655e-03 9.220989833138119138e+03
3.874675120456132216e-03 9.384713383769087159e+03
3.981071705534973415e-03 9.548930700929566228e+03
4.090389886093310536e-03 9.713504738287278087e+03
4.202709887639691569e-03 9.878292617341747246e+03
4.318114138633850560e-03 1.004314566710340659e+04
4.436687330978611628e-03 1.020790948157964522e+04
4.558516482172869644e-03 1.037242220183171230e+04
4.683690999171267327e-03 1.053650369251520169e+04
4.812302743997420168e-03 1.069996206902677295e+04
4.944446101158830355e-03 1.086259890293401259e+04
5.080218046913023006e-03 1.102420941902790764e+04
5.219718220435652298e-03 1.118458270343346521e+04
5.363048996942865534e-03 1.134350194193672178e+04
5.510315562821568869e-03 1.150074468926472946e+04
5.661625992822727667e-03 1.165608296798813899e+04
5.817091329374357578e-03 1.180927034276287122e+04
5.976825664072413224e-03 1.196003322244363517e+04
6.140946221409365226e-03 1.210809004681127954e+04
6.309573444801930275e-03 1.225315370046503995e+04
6.482831084981073057e-03 1.239493208854909062e+04
6.660846290809154316e-03 1.253312876254040930e+04
6.843749702590877504e-03 1.266744359599070413e+04
7.031675547946470567e-03 1.279757350981309173e+04
7.224761740317567349e-03 1.292320892421811186e+04
7.423149980177935758e-03 1.304400857979498687e+04
7.626985859023443712e-03 1.315961665633839584e+04
7.836418966217518697e-03 1.326967621305077955e+04
8.051602998770538214e-03 1.337383040878395877e+04
8.272695874133697766e-03 1.347172374152345765e+04
8.499859846090154769e-03 1.356300334816087161e+04
8.733261623828437667e-03 1.364732036052342119e+04
8.973072494285637066e-03 1.372433087601982697e+04
9.219468447849992962e-03 1.379366897233564669e+04
9.472630307515245152e-03 1.385493009690506005e+04
9.732743861581504355e-03 1.390771432794775683e+04
1.000000000000000021e-02 1.395163255600969023e+04
1.027459485446180140e-02 1.398630860527679215e+04
1.055672994233329033e-02 1.401138139981479981e+04
1.084661231454404559e-02 1.402650716190896492e+04
1.114445470753563060e-02 1.403136162853668793e+04
1.145047569938281717e-02 1.402563837567774681e+04
1.176489987020185903e-02 1.400902804007766281e+04
1.208795796696343280e-02 1.398123629460082157e+04
1.241988707283130100e-02 1.394199765872304670e+04
1.276093078115091844e-02 1.389107795656117196e+04
1.311133937421564422e-02 1.382827665908274139e+04
1.347137000694184628e-02 1.375342912786061061e+04
1.384128689558757237e-02 1.366640873680157893e+04
1.422136151165336211e-02 1.356712953826885314e+04
1.461187278110747875e-02 1.345559235457002796e+04
1.501310728908173547e-02 1.333191117000294798e+04
1.542535949018821427e-02 1.319624612480939868e+04
1.584893192461113431e-02 1.304879698437394291e+04
1.628413544013249115e-02 1.288980297371062989e+04
1.673128942025444224e-02 1.271954238420303955e+04
1.719072201858574608e-02 1.253833194900104536e+04
1.766277039966442780e-02 1.234652598532068623e+04
1.814778098639323323e-02 1.214456859270967107e+04
1.864610971426956115e-02 1.193329713248376538e+04
1.915812229259642244e-02 1.171370175280329022e+04
1.968419447286612334e-02 1.148675967967146244e+04
2.022471232451356765e-02 1.125342947101214304e+04
2.078007251824172744e-02 1.101464633596593558e+04
2.135068261712695301e-02 1.077131796609829689e+04
2.193696137571795809e-02 1.052432087903015599e+04
2.253933904734791230e-02 1.027450352681663935e+04
2.315825769988507851e-02 1.002302536780552873e+04
2.379417154015396260e-02 9.771488037699436973e+03
2.444754724726472955e-02 9.521405697615989993e+03
2.511886431509579437e-02 9.274158758576837499e+03
2.580861540418074099e-02 9.030996437811834767e+03
2.651730670325791461e-02 8.793041129519282549e+03
2.724545830074791633e-02 8.561294295427160250e+03
2.799360456643180950e-02 8.336643916808823633e+03
2.876229454360986273e-02 8.119890244093385263e+03
2.955209235202886295e-02 7.911761677253049129e+03
3.036357760187358493e-02 7.712897125680877252e+03
3.119734581912619181e-02 7.523853989361882668e+03
3.205400888260593467e-02 7.345118904367803225e+03
3.293419547300957539e-02 7.177054829315489769e+03
3.383855153428233509e-02 7.019365142331112111e+03
3.476774074765778821e-02 6.871427898320502209e+03
3.572244501871466027e-02 6.732663743590674130e+03
3.670336497780802426e-02 6.602302051269630283e+03
3.771122049424197736e-02 6.478969372025714620e+03
3.874675120456130134e-02 6.361267268488628361e+03
3.981071705534973415e-02 6.247558040282432557e+03
4.090389886093310362e-02 6.135872262776731986e+03
4.202709887639691222e-02 6.024222146131063710e+03
4.318114138633850907e-02 5.910418334850976862e+03
4.436687330978611454e-02 5.792335903836165016e+03
4.558516482172869644e-02 5.667906122196022807e+03
4.683690999171270103e-02 5.535306114564848940e+03
4.812302743997418086e-02 5.393051337689679713e+03
4.944446101158827406e-02 5.240143399448507807e+03
5.080218046913020230e-02 5.076129381915337035e+03
5.219718220435649175e-02 4.901282772457816463e+03
5.363048996942865881e-02 4.716601516320255541e+03
5.510315562821568869e-02 4.523803381945974252e+03
5.661625992822727493e-02 4.325339875729316191e+03
5.817091329374357578e-02 4.124257788927309775e+03
5.976825664072413224e-02 3.924015780126389018e+03
6.140946221409365052e-02 3.728293891304105728e+03
6.309573444801933051e-02 3.540761665692058614e+03
6.482831084981076353e-02 3.364776368935803021e+03
6.660846290809158132e-02 3.203152610720325811e+03
6.843749702590873341e-02 3.057961561688339771e+03
7.031675547946467097e-02 2.930313846999264570e+03
7.224761740317567349e-02 2.820246646129864530e+03
7.423149980177935758e-02 2.726678054508144214e+03
7.626985859023444059e-02 2.647409073708272444e+03
7.836418966217519044e-02 2.579186185439710243e+03
8.051602998770537867e-02 2.517895099148210193e+03
8.272695874133702276e-02 2.458885393983604445e+03
8.499859846090150606e-02 2.397424342839355177e+03
8.733261623828432463e-02 2.329268439954920268e+03
8.973072494285633249e-02 2.251285311082280714e+03
9.219468447849987758e-02 2.162021768503108888e+03
9.472630307515245152e-02 2.062040600951544093e+03
9.732743861581504008e-02 1.953911656408028648e+03
1.000000000000000056e-01 1.841837298768713936e+03
1.027459485446180071e-01 1.730970919271746880e+03
1.055672994233329137e-01 1.626558141695848690e+03
1.084661231454404490e-01 1.533023230883523411e+03
1.114445470753562539e-01 1.453186713621938679e+03
1.145047569938281162e-01 1.387815870096498202e+03
1.176489987020185313e-01 1.335468972772756615e+03
1.208795796696343905e-01 1.292744559880803536e+03
1.241988707283130794e-01 1.255075474773490214e+03
1.276093078115091983e-01 1.217251339637503861e+03
1.311133937421564422e-01 1.174499938722812885e+03
1.347137000694184628e-01 1.124067451019257305e+03
1.384128689558757064e-01 1.066220323027183895e+03
1.422136151165336038e-01 1.003928168472118500e+03
1.461187278110747112e-01 9.417241386147810545e+02
1.501310728908172853e-01 8.840948485449430336e+02
1.542535949018820629e-01 8.342465236371376704e+02
1.584893192461114264e-01 7.933746784518158393e+02
1.628413544013249947e-01 7.603637081638287327e+02
1.673128942025444155e-01 7.319874773338505065e+02
1.719072201858574678e-01 7.041604657753083529e+02
1.766277039966442919e-01 6.736831017254496601e+02
1.814778098639323323e-01 6.394056643135226068e+02
1.864610971426956254e-01 6.025412612696806036e+02
1.915812229259642452e-01 5.660378677301404196e+02
1.968419447286611224e-01 5.330790108092098762e+02
2.022471232451355794e-01 5.051501428907524200e+02
2.078007251824171564e-01 4.815953800172257502e+02
2.135068261712696203e-01 4.603026126898157599e+02
2.193696137571796989e-01 4.389043805602922816e+02
2.253933904734791160e-01 4.160769626526422940e+02
2.315825769988507921e-01 3.924295249226537408e+02
2.379417154015396052e-01 3.696027144720081878e+02
2.444754724726473094e-01 3.490450760691834375e+02
2.511886431509579576e-01 3.310785319777188533e+02
2.580861540418074029e-01 3.146624733097107764e+02
2.651730670325789796e-01 2.985440360342799977e+02
2.724545830074790453e-01 2.822466275332128589e+02
2.799360456643182338e-01 2.662037914015466527e+02
2.876229454360987869e-01 2.512147536922711595e+02
2.955209235202888030e-01 2.375680160252674966e+02
3.036357760187358701e-01 2.249372631164114580e+02
3.119734581912619320e-01 2.128059842328892728e+02
3.205400888260593328e-01 2.008949056176743682e+02
3.293419547300957539e-01 1.894843429294217856e+02
3.383855153428233509e-01 1.788504335613192211e+02
3.476774074765777156e-01 1.689949371138573042e+02
3.572244501871464362e-01 1.595779720717878547e+02
3.670336497780800622e-01 1.505352291342109652e+02
3.771122049424199818e-01 1.419485042131630905e+02
3.874675120456131938e-01 1.338909226624652149e+02
3.981071705534973137e-01 1.263080552689469300e+02
4.090389886093310223e-01 1.190828865191830772e+02
4.202709887639691777e-01 1.122262559368364236e+02
4.318114138633850629e-01 1.057693594904874033e+02
4.436687330978611454e-01 9.967416010900966228e+01
4.558516482172869644e-01 9.389916672925234309e+01
4.683690999171267744e-01 8.843490115923174244e+01
4.812302743997415866e-01 8.327715496090129932e+01
4.944446101158824769e-01 7.841092163358334233e+01
5.080218046913023144e-01 7.381659748552885958e+01
5.219718220435651812e-01 6.947708361136581345e+01
5.363048996942866298e-01 6.537947692253851528e+01
5.510315562821569424e-01 6.151201031537370056e+01
5.661625992822727493e-01 5.786324531119047521e+01
5.817091329374357578e-01 5.442170754684520517e+01
5.976825664072412669e-01 5.117627456903520766e+01
6.140946221409364636e-01 4.811637620318087016e+01
6.309573444801930275e-01 4.523197135611748365e+01
6.482831084981072189e-01 4.251353157482938627e+01
6.660846290809153691e-01 3.995201340227049513e+01
6.843749702590877781e-01 3.753883048605277395e+01
7.031675547946470983e-01 3.526583283299603266e+01
7.224761740317566794e-01 3.312528694446469757e+01
7.423149980177935481e-01 3.110985720348222117e+01
7.626985859023444059e-01 2.921258960829246121e+01
7.836418966217518767e-01 2.742689162438981754e+01
8.051602998770538422e-01 2.574651416437438556e+01
8.272695874133697558e-01 2.416553541752868028e+01
8.499859846090145332e-01 2.267834532255957569e+01
8.733261623828428855e-01 2.127963066486041654e+01
8.973072494285637690e-01 1.996436077422594124e+01
9.219468447849992199e-01 1.872777277068778901e+01
9.472630307515245152e-01 1.756535765710239971e+01
9.732743861581504285e-01 1.647285006542298191e+01
1.000000000000000000e+00 1.544621641332732054e+01
