# k [h/Mpc]    P(k) [(Mpc/h)^3]
1.000000000000000021e-03 1.785378361243137533e+03
1.027459485446180097e-03 1.829715663823419391e+03
1.055672994233329033e-03 1.875029716982233822e+03
1.084661231454404472e-03 1.921334865574545347e+03
1.114445470753562583e-03 1.968645331328122438e+03
1.145047569938281197e-03 2.016975076436924383e+03
1.176489987020186466e-03 2.066337060920659042e+03
1.208795796696343801e-03 2.116743612246276825e+03
1.241988707283130794e-03 2.168206721021194426e+03
1.276093078115091931e-03 2.220738013648822744e+03
1.311133937421564335e-03 2.274348722966992682e+03
1.347137000694184497e-03 2.329049658038742564e+03
1.384128689558757194e-03 2.384851173106381793e+03
1.422136151165336168e-03 2.441763128633383531e+03
1.461187278110747181e-03 2.499794392377111762e+03
1.501310728908172810e-03 2.558952461066934575e+03
1.542535949018822338e-03 2.619244053067688583e+03
1.584893192461114082e-03 2.680675131941104155e+03
1.628413544013250025e-03 2.743250864730765443e+03
1.673128942025444267e-03 2.806975579514104993e+03
1.719072201858574652e-03 2.871852722270271443e+03
1.766277039966442823e-03 2.937884813117152135e+03
1.814778098639323453e-03 3.005073275510299482e+03
1.864610971426956289e-03 3.073417615613620910e+03
1.915812229259642330e-03 3.142915803128398693e+03
1.968419447286611293e-03 3.213564569516945994e+03
2.022471232451355985e-03 3.285359358093759965e+03
2.078007251824171529e-03 3.358294272706059019e+03
2.135068261712696168e-03 3.432362026363969107e+03
2.193696137571797024e-03 3.507553889935497864e+03
2.253933904734791056e-03 3.583859627272506714e+03
2.315825769988507938e-03 3.661266541737266834e+03
2.379417154015395913e-03 3.739758769518428835e+03
2.444754724726473216e-03 3.819318456558877187e+03
2.511886431509579437e-03 3.899925827730744004e+03
2.580861540418074272e-03 3.981559131766795417e+03
2.651730670325789813e-03 4.064194587568097177e+03
2.724545830074793281e-03 4.147806332100405598e+03
2.799360456643182338e-03 4.232366370099400228e+03
2.876229454360987748e-03 4.317844183956058259e+03
2.955209235202887856e-03 4.404204600865406974e+03
3.036357760187358319e-03 4.491408928615393052e+03
3.119734581912619095e-03 4.579415856560142856e+03
3.205400888260593294e-03 4.668181415027979710e+03
3.293419547300957713e-03 4.757658935378102797e+03
3.383855153428233075e-03 4.847799014433573575e+03
3.476774074765777087e-03 4.938549483630563373e+03
3.572244501871464119e-03 5.029855344633853747e+03
3.670336497780800258e-03 5.121656225289077156e+03
3.771122049424195655e-03 5.213884578804558259e+03
3.874675120456132216e-03 5.306469159658106946e+03
3.981071705534973415e-03 5.399335370747963680e+03
4.090389886093310536e-03 5.492405266361485701e+03
4.202709887639691569e-03 5.585597564443348347e+03
4.318114138633850560e-03 5.678827668634557085e+03
4.436687330978611628e-03 5.772007700541596932e+03
4.558516482172869644e-03 5.865045635775011760e+03
4.683690999171267327e-03 5.957839863038477233e+03
4.812302743997420168e-03 6.050282487773694811e+03
4.944446101158830355e-03 6.142261953648786402e+03
5.080218046913023006e-03 6.233663152074715981e+03
5.219718220435652298e-03 6.324367539061864591e+03
5.363048996942865534e-03 6.414253268909129474e+03
5.510315562821568869e-03 6.503195345131340218e+03
5.661625992822727667e-03 6.591065667665628098e+03
5.817091329374357578e-03 6.677725329603844330e+03
5.976825664072413224e-03 6.763019470220293442e+03
6.140946221409365226e-03 6.846788647364473945e+03
6.309573444801930275e-03 6.928870249487609726e+03
6.482831084981073057e-03 7.009098821025398138e+03
6.660846290809154316e-03 7.087306416257985802e+03
6.843749702590877504e-03 7.163322981596278623e+03
7.031675547946470567e-03 7.236976766073281397e+03
7.224761740317567349e-03 7.308092341232638319e+03
7.423149980177935758e-03 7.376476583635208044e+03
7.626985859023443712e-03 7.441928248494819854e+03
7.836418966217518697e-03 7.504245445596568970e+03
8.051602998770538214e-03 7.563226327909535030e+03
8.272695874133697766e-03 7.618669792005679483e+03
8.499859846090154769e-03 7.670376212620048136e+03
8.733261623828437667e-03 7.718148209078392938e+03
8.973072494285637066e-03 7.761791194319852366e+03
9.219468447849992962e-03 7.801098294141293991e+03
9.472630307515245152e-03 7.835841151160405389e+03
9.732743861581504355e-03 7.865794060993278435e+03
1.000000000000000021e-02 7.890737420431660212e+03
1.027459485446180140e-02 7.910458922760582027e+03
1.055672994233329033e-02 7.924754778301671649e+03
1.084661231454404559e-02 7.933430952965699362e+03
1.114445470753563060e-02 7.936304416958134425e+03
1.145047569938281717e-02 7.933201973399321105e+03
1.176489987020185903e-02 7.923947275677391190e+03
1.208795796696343280e-02 7.908371861159430409e+03
1.241988707283130100e-02 7.886323560495145102e+03
1.276093078115091844e-02 7.857667903693278276e+03
1.311133937421564422e-02 7.822289459866278776e+03
1.347137000694184628e-02 7.780093121975755821e+03
1.384128689558757237e-02 7.731005323096795109e+03
1.422136151165336211e-02 7.674975579949072198e+03
1.461187278110747875e-02 7.612003552948953256e+03
1.501310728908173547e-02 7.542154401474346741e+03
1.542535949018821427e-02 7.465519508135875185e+03
1.584893192461113431e-02 7.382212661669244881e+03
1.628413544013249115e-02 7.292369955720484541e+03
1.673128942025444224e-02 7.196149558967534176e+03
1.719072201858574608e-02 7.093731354632815055e+03
1.766277039966442780e-02 6.985316448482267333e+03
1.814778098639323323e-02 6.871156685280699094e+03
1.864610971426956115e-02 6.751725497930734491e+03
1.915812229259642244e-02 6.627582133731570138e+03
1.968419447286612334e-02 6.499278597718149285e+03
2.022471232451356765e-02 6.367356413960119426e+03
2.078007251824172744e-02 6.232343980216798627e+03
2.135068261712695301e-02 6.094754210961677018e+03
2.193696137571795809e-02 5.955082469148621385e+03
2.253933904734791230e-02 5.813808367911279674e+03
2.315825769988507851e-02 5.671588293507054004e+03
2.379417154015396260e-02 5.529328958510566736e+03
2.444754724726472955e-02 5.387887498155819230e+03
2.511886431509579437e-02 5.248045387311490231e+03
2.580861540418074099e-02 5.110509880218309263e+03
2.651730670325791461e-02 4.975916477908328488e+03
2.724545830074791633e-02 4.844832256558302106e+03
2.799360456643180950e-02 4.717760082023231917e+03
2.876229454360986273e-02 4.595153197109647408e+03
2.955209235202886295e-02 4.477424172492022080e+03
3.036357760187358493e-02 4.364934929292047855e+03
3.119734581912619181e-02 4.258001260612027181e+03
3.205400888260593467e-02 4.156898911826820040e+03
3.293419547300957539e-02 4.061833441777780081e+03
3.383855153428233509e-02 3.972636034111510526e+03
3.476774074765778821e-02 3.888953559325796505e+03
3.572244501871466027e-02 3.810457090258535118e+03
3.670336497780802426e-02 3.736710702753656278e+03
3.771122049424197736e-02 3.666941068464725959e+03
3.874675120456130134e-02 3.600361023927454880e+03
3.981071705534973415e-02 3.536042733954095638e+03
4.090389886093310362e-02 3.472864393477089379e+03
4.202709887639691222e-02 3.409696577680379050e+03
4.318114138633850907e-02 3.345303837240918710e+03
4.436687330978611454e-02 3.278488171409182996e+03
4.558516482172869644e-02 3.208082668247350739e+03
4.683690999171270103e-02 3.133054780801431662e+03
4.812302743997418086e-02 3.052556802326504567e+03
4.944446101158827406e-02 2.966025772283546303e+03
5.080218046913020230e-02 2.873211105397107531e+03
5.219718220435649175e-02 2.774261153454016039e+03
5.363048996942865881e-02 2.669740305942986652e+03
5.510315562821568869e-02 2.560626184887684303e+03
5.661625992822727493e-02 2.448303686340404511e+03
5.817091329374357578e-02 2.334496174829137999e+03
5.976825664072413224e-02 2.221162707057689204e+03
6.140946221409365052e-02 2.110387086331724731e+03
6.309573444801933051e-02 2.004242272039987483e+03
6.482831084981076353e-02 1.904635530425404340e+03
6.660846290809158132e-02 1.813161785935939861e+03
6.843749702590873341e-02 1.730976569655668754e+03
7.031675547946467097e-02 1.658726656795436156e+03
7.224761740317567349e-02 1.596429044917128067e+03
7.423149980177935758e-02 1.543467429035932582e+03
7.626985859023444059e-02 1.498605800148739945e+03
7.836418966217519044e-02 1.459992178383325836e+03
8.051602998770537867e-02 1.425300571522471955e+03
8.272695874133702276e-02 1.391900816508735943e+03
8.499859846090150606e-02 1.357113304363758061e+03
8.733261623828432463e-02 1.318535919290574384e+03
8.973072494285633249e-02 1.274395082159082222e+03
9.219468447849987758e-02 1.223867596097341675e+03
9.472630307515245152e-02 1.167273923225231101e+03
9.732743861581504008e-02 1.106067893167966304e+03
1.000000000000000056e-01 1.042626937399917324e+03
1.027459485446180071e-01 9.798696868104892701e+02
1.055672994233329137e-01 9.207652291611661894e+02
1.084661231454404490e-01 8.678188784261267301e+02
1.114445470753562539e-01 8.226266121259097872e+02
1.145047569938281162e-01 7.856221671505068116e+02
1.176489987020185313e-01 7.559900464390298112e+02
1.208795796696343905e-01 7.318054223445273010e+02
1.241988707283130794e-01 7.104828556750163671e+02
1.276093078115091983e-01 6.890725255768405759e+02
1.311133937421564422e-01 6.648721385475215584e+02
1.347137000694184628e-01 6.363233806849399343e+02
1.384128689558757064e-01 6.035775048591409586e+02
1.422136151165336038e-01 5.683135311996444443e+02
1.461187278110747112e-01 5.331022766431300397e+02
1.501310728908172853e-01 5.004801419833128762e+02
1.542535949018820629e-01 4.722611898880676904e+02
1.584893192461114264e-01 4.491246152854719753e+02
1.628413544013249947e-01 4.304380185560398786e+02
1.673128942025444155e-01 4.143743717595167482e+02
1.719072201858574678e-01 3.986217540378324884e+02
1.766277039966442919e-01 3.813693898609793678e+02
1.814778098639323323e-01 3.619653649056547806e+02
1.864610971426956254e-01 3.410961658535462675e+02
1.915812229259642452e-01 3.204323231666684251e+02
1.968419447286611224e-01 3.017745162471746312e+02
2.022471232451355794e-01 2.859643720335626540e+02
2.078007251824171564e-01 2.726304857983778334e+02
2.135068261712696203e-01 2.605766365060550243e+02
2.193696137571796989e-01 2.484631663958891750e+02
2.253933904734791160e-01 2.355408453702987970e+02
2.315825769988507921e-01 2.221539061265768851e+02
2.379417154015396052e-01 2.092316912947980256e+02
2.444754724726473094e-01 1.975943451487353002e+02
2.511886431509579576e-01 1.874234646403617432e+02
2.580861540418074029e-01 1.781304219000669491e+02
2.651730670325789796e-01 1.690059798154568966e+02
2.724545830074790453e-01 1.597800267843015831e+02
2.799360456643182338e-01 1.506980420840588408e+02
2.876229454360987869e-01 1.422128028387591314e+02
2.955209235202888030e-01 1.344873935646071175e+02
3.036357760187358701e-01 1.273371541221283536e+02
3.119734581912619320e-01 1.204697356180598007e+02
3.205400888260593328e-01 1.137269158698126006e+02
3.293419547300957539e-01 1.072673936766889256e+02
3.383855153428233509e-01 1.012475265245772249e+02
3.476774074765777156e-01 9.566831613732702522e+01
3.572244501871464362e-01 9.033738114681821685e+01
3.670336497780800622e-01 8.521830052607359107e+01
3.771122049424199818e-01 8.035733303855869281e+01
3.874675120456131938e-01 7.579590502988475009e+01
3.981071705534973137e-01 7.150321752580867951e+01
4.090389886093310223e-01 6.741305694956311356e+01
4.202709887639691777e-01 6.353154990091583443e+01
4.318114138633850629e-01 5.987631740320922802e+01
4.436687330978611454e-01 5.642581922336717071e+01
4.558516482172869644e-01 5.315657802544073007e+01
4.683690999171267744e-01 5.006323919811366352e+01
4.812302743997415866e-01 4.714342492410474961e+01
4.944446101158824769e-01 4.438863824468378994e+01
5.080218046913023144e-01 4.178777975467844641e+01
5.219718220435651812e-01 3.933116942158275009e+01
5.363048996942866298e-01 3.701150360756463442e+01
5.510315562821569424e-01 3.482212137739276869e+01
5.661625992822727493e-01 3.275654753906381700e+01
5.817091329374357578e-01 3.080828582355848866e+01
5.976825664072412669e-01 2.897103917712122723e+01
6.140946221409364636e-01 2.723882333176075221e+01
6.309573444801930275e-01 2.560595369887656148e+01
6.482831084981072189e-01 2.406703652493944290e+01
6.660846290809153691e-01 2.261695289570936396e+01
6.843749702590877781e-01 2.125084254166223729e+01
7.031675547946470983e-01 1.996409210472417683e+01
7.224761740317566794e-01 1.875232390895775936e+01
7.423149980177935481e-01 1.761138535210222145e+01
7.626985859023444059e-01 1.653733934484972679e+01
7.836418966217518767e-01 1.552645334012415113e+01
8.051602998770538422e-01 1.457518932165359793e+01
8.272695874133697558e-01 1.368019463552155557e+01
8.499859846090145332e-01 1.283829318714098733e+01
8.733261623828428855e-01 1.204647699322002197e+01
8.973072494285637690e-01 1.130189807567646554e+01
9.219468447849992199e-01 1.060186021788363320e+01
9.472630307515245152e-01 9.943811173659225844e+00
9.732743861581504285e-01 9.325336591688445864e+00
1.000000000000000000e+00 8.744153281774035946e+00
